   1.50000000     ;   0.00000000    
   1.49999905     ;  -1.28594332E-03
   1.49999714     ;  -2.57188594E-03
   1.49999416     ;  -3.85782705E-03
   1.49999022     ;  -5.14376583E-03
   1.49998534     ;  -6.42970158E-03
   1.49997950     ;  -7.71563360E-03
   1.49997270     ;  -9.00156144E-03
   1.49996483     ;  -1.02874842E-02
   1.49995601     ;  -1.15734013E-02
   1.49994624     ;  -1.28593110E-02
   1.49993551     ;  -1.41452132E-02
   1.49992383     ;  -1.54311080E-02
   1.49991119     ;  -1.67169943E-02
   1.49989748     ;  -1.80028696E-02
   1.49988282     ;  -1.92887355E-02
   1.49986720     ;  -2.05745902E-02
   1.49985063     ;  -2.18604319E-02
   1.49983311     ;  -2.31462624E-02
   1.49981451     ;  -2.44320799E-02
   1.49979496     ;  -2.57178824E-02
   1.49977446     ;  -2.70036701E-02
   1.49975300     ;  -2.82894429E-02
   1.49973059     ;  -2.95751989E-02
   1.49970710     ;  -3.08609381E-02
   1.49968266     ;  -3.21466587E-02
   1.49965727     ;  -3.34323607E-02
   1.49963093     ;  -3.47180441E-02
   1.49960363     ;  -3.60037088E-02
   1.49957538     ;  -3.72893512E-02
   1.49954605     ;  -3.85749713E-02
   1.49951577     ;  -3.98605689E-02
   1.49948454     ;  -4.11461443E-02
   1.49945235     ;  -4.24316972E-02
   1.49941921     ;  -4.37172242E-02
   1.49938500     ;  -4.50027250E-02
   1.49934983     ;  -4.62881997E-02
   1.49931371     ;  -4.75736484E-02
   1.49927664     ;  -4.88590710E-02
   1.49923861     ;  -5.01444638E-02
   1.49919951     ;  -5.14298305E-02
   1.49915946     ;  -5.27151674E-02
   1.49911845     ;  -5.40004708E-02
   1.49907649     ;  -5.52857444E-02
   1.49903357     ;  -5.65709881E-02
   1.49898970     ;  -5.78561984E-02
   1.49894476     ;  -5.91413751E-02
   1.49889886     ;  -6.04265183E-02
   1.49885201     ;  -6.17116243E-02
   1.49880421     ;  -6.29966930E-02
   1.49875546     ;  -6.42817318E-02
   1.49870563     ;  -6.55667335E-02
   1.49865484     ;  -6.68516904E-02
   1.49860311     ;  -6.81366101E-02
   1.49855042     ;  -6.94214925E-02
   1.49849677     ;  -7.07063377E-02
   1.49844205     ;  -7.19911382E-02
   1.49838638     ;  -7.32759014E-02
   1.49832976     ;  -7.45606199E-02
   1.49827218     ;  -7.58452937E-02
   1.49821365     ;  -7.71299228E-02
   1.49815416     ;  -7.84145072E-02
   1.49809361     ;  -7.96990469E-02
   1.49803209     ;  -8.09835419E-02
   1.49796963     ;  -8.22679922E-02
   1.49790621     ;  -8.35523903E-02
   1.49784184     ;  -8.48367438E-02
   1.49777639     ;  -8.61210451E-02
   1.49770999     ;  -8.74053016E-02
   1.49764264     ;  -8.86895061E-02
   1.49757433     ;  -8.99736583E-02
   1.49750507     ;  -9.12577584E-02
   1.49743485     ;  -9.25418064E-02
   1.49736357     ;  -9.38258022E-02
   1.49729133     ;  -9.51097459E-02
   1.49721813     ;  -9.63936299E-02
   1.49714398     ;  -9.76774618E-02
   1.49706888     ;  -9.89612341E-02
   1.49699283     ; -0.100244954    
   1.49691570     ; -0.101528615    
   1.49683762     ; -0.102812216    
   1.49675858     ; -0.104095757    
   1.49667859     ; -0.105379239    
   1.49659765     ; -0.106662661    
   1.49651563     ; -0.107946023    
   1.49643266     ; -0.109229319    
   1.49634874     ; -0.110512555    
   1.49626386     ; -0.111795723    
   1.49617803     ; -0.113078833    
   1.49609125     ; -0.114361875    
   1.49600339     ; -0.115644850    
   1.49591458     ; -0.116927758    
   1.49582481     ; -0.118210599    
   1.49573410     ; -0.119493373    
   1.49564242     ; -0.120776080    
   1.49554980     ; -0.122058712    
   1.49545610     ; -0.123341277    
   1.49536145     ; -0.124623768    
   1.49526584     ; -0.125906184    
   1.49516928     ; -0.127188534    
   1.49507177     ; -0.128470808    
   1.49497330     ; -0.129753008    
   1.49487376     ; -0.131035134    
   1.49477327     ; -0.132317185    
   1.49467182     ; -0.133599162    
   1.49456942     ; -0.134881064    
   1.49446607     ; -0.136162892    
   1.49436176     ; -0.137444630    
   1.49425638     ; -0.138726294    
   1.49415004     ; -0.140007883    
   1.49404275     ; -0.141289383    
   1.49393451     ; -0.142570809    
   1.49382532     ; -0.143852144    
   1.49371517     ; -0.145133406    
   1.49360394     ; -0.146414578    
   1.49349177     ; -0.147695661    
   1.49337864     ; -0.148976669    
   1.49326456     ; -0.150257587    
   1.49314952     ; -0.151538417    
   1.49303353     ; -0.152819157    
   1.49291658     ; -0.154099807    
   1.49279857     ; -0.155380368    
   1.49267960     ; -0.156660840    
   1.49255967     ; -0.157941222    
   1.49243879     ; -0.159221515    
   1.49231696     ; -0.160501719    
   1.49219418     ; -0.161781833    
   1.49207032     ; -0.163061842    
   1.49194551     ; -0.164341763    
   1.49181974     ; -0.165621594    
   1.49169302     ; -0.166901320    
   1.49156535     ; -0.168180957    
   1.49143672     ; -0.169460490    
   1.49130714     ; -0.170739934    
   1.49117649     ; -0.172019273    
   1.49104488     ; -0.173298523    
   1.49091232     ; -0.174577668    
   1.49077880     ; -0.175856709    
   1.49064434     ; -0.177135646    
   1.49050891     ; -0.178414494    
   1.49037242     ; -0.179693237    
   1.49023497     ; -0.180971876    
   1.49009657     ; -0.182250410    
   1.48995721     ; -0.183528841    
   1.48981690     ; -0.184807166    
   1.48967564     ; -0.186085373    
   1.48953342     ; -0.187363476    
   1.48939013     ; -0.188641474    
   1.48924589     ; -0.189919367    
   1.48910069     ; -0.191197142    
   1.48895454     ; -0.192474812    
   1.48880744     ; -0.193752363    
   1.48865938     ; -0.195029810    
   1.48851037     ; -0.196307138    
   1.48836040     ; -0.197584361    
   1.48820937     ; -0.198861465    
   1.48805737     ; -0.200138450    
   1.48790443     ; -0.201415330    
   1.48775053     ; -0.202692091    
   1.48759568     ; -0.203968734    
   1.48743987     ; -0.205245256    
   1.48728311     ; -0.206521660    
   1.48712528     ; -0.207797945    
   1.48696649     ; -0.209074110    
   1.48680675     ; -0.210350156    
   1.48664606     ; -0.211626083    
   1.48648441     ; -0.212901890    
   1.48632181     ; -0.214177579    
   1.48615825     ; -0.215453133    
   1.48599374     ; -0.216728568    
   1.48582816     ; -0.218003884    
   1.48566163     ; -0.219279066    
   1.48549414     ; -0.220554128    
   1.48532569     ; -0.221829057    
   1.48515630     ; -0.223103866    
   1.48498595     ; -0.224378541    
   1.48481464     ; -0.225653082    
   1.48464239     ; -0.226927489    
   1.48446918     ; -0.228201777    
   1.48429489     ; -0.229475930    
   1.48411965     ; -0.230749950    
   1.48394346     ; -0.232023835    
   1.48376632     ; -0.233297586    
   1.48358822     ; -0.234571204    
   1.48340917     ; -0.235844687    
   1.48322916     ; -0.237118036    
   1.48304820     ; -0.238391250    
   1.48286617     ; -0.239664316    
   1.48268318     ; -0.240937248    
   1.48249924     ; -0.242210045    
   1.48231435     ; -0.243482709    
   1.48212850     ; -0.244755223    
   1.48194170     ; -0.246027604    
   1.48175395     ; -0.247299835    
   1.48156524     ; -0.248571932    
   1.48137558     ; -0.249843881    
   1.48118496     ; -0.251115680    
   1.48099327     ; -0.252387345    
   1.48080063     ; -0.253658861    
   1.48060703     ; -0.254930228    
   1.48041248     ; -0.256201446    
   1.48021698     ; -0.257472515    
   1.48002052     ; -0.258743435    
   1.47982311     ; -0.260014206    
   1.47962475     ; -0.261284828    
   1.47942543     ; -0.262555301    
   1.47922516     ; -0.263825625    
   1.47902393     ; -0.265095800    
   1.47882164     ; -0.266365826    
   1.47861838     ; -0.267635703    
   1.47841418     ; -0.268905401    
   1.47820902     ; -0.270174950    
   1.47800291     ; -0.271444350    
   1.47779584     ; -0.272713602    
   1.47758782     ; -0.273982674    
   1.47737885     ; -0.275251597    
   1.47716892     ; -0.276520371    
   1.47695804     ; -0.277788967    
   1.47674620     ; -0.279057413    
   1.47653329     ; -0.280325711    
   1.47631943     ; -0.281593829    
   1.47610462     ; -0.282861799    
   1.47588885     ; -0.284129590    
   1.47567213     ; -0.285397232    
   1.47545445     ; -0.286664695    
   1.47523582     ; -0.287932009    
   1.47501624     ; -0.289199144    
   1.47479570     ; -0.290466130    
   1.47457421     ; -0.291732937    
   1.47435176     ; -0.292999566    
   1.47412837     ; -0.294266045    
   1.47390401     ; -0.295532346    
   1.47367871     ; -0.296798468    
   1.47345245     ; -0.298064440    
   1.47322512     ; -0.299330235    
   1.47299683     ; -0.300595850    
   1.47276759     ; -0.301861286    
   1.47253740     ; -0.303126544    
   1.47230625     ; -0.304391623    
   1.47207415     ; -0.305656552    
   1.47184110     ; -0.306921303    
   1.47160709     ; -0.308185875    
   1.47137213     ; -0.309450269    
   1.47113621     ; -0.310714483    
   1.47089934     ; -0.311978519    
   1.47066152     ; -0.313242376    
   1.47042274     ; -0.314506054    
   1.47018301     ; -0.315769553    
   1.46994233     ; -0.317032844    
   1.46970069     ; -0.318295956    
   1.46945810     ; -0.319558889    
   1.46921456     ; -0.320821643    
   1.46897006     ; -0.322084218    
   1.46872449     ; -0.323346615    
   1.46847796     ; -0.324608803    
   1.46823049     ; -0.325870812    
   1.46798205     ; -0.327132642    
   1.46773267     ; -0.328394264    
   1.46748233     ; -0.329655707    
   1.46723104     ; -0.330916971    
   1.46697879     ; -0.332178026    
   1.46672559     ; -0.333438903    
   1.46647143     ; -0.334699571    
   1.46621633     ; -0.335960060    
   1.46596026     ; -0.337220341    
   1.46570325     ; -0.338480443    
   1.46544528     ; -0.339740336    
   1.46518636     ; -0.341000050    
   1.46492648     ; -0.342259556    
   1.46466565     ; -0.343518883    
   1.46440387     ; -0.344778001    
   1.46414113     ; -0.346036911    
   1.46387744     ; -0.347295642    
   1.46361279     ; -0.348554164    
   1.46334720     ; -0.349812478    
   1.46308064     ; -0.351070583    
   1.46281314     ; -0.352328509    
   1.46254468     ; -0.353586227    
   1.46227527     ; -0.354843736    
   1.46200490     ; -0.356101036    
   1.46173358     ; -0.357358128    
   1.46146131     ; -0.358615011    
   1.46118808     ; -0.359871686    
   1.46091390     ; -0.361128151    
   1.46063876     ; -0.362384409    
   1.46036267     ; -0.363640457    
   1.46008563     ; -0.364896297    
   1.45980763     ; -0.366151929    
   1.45952868     ; -0.367407352    
   1.45924878     ; -0.368662566    
   1.45896792     ; -0.369917572    
   1.45868611     ; -0.371172369    
   1.45840335     ; -0.372426957    
   1.45811963     ; -0.373681307    
   1.45783496     ; -0.374935448    
   1.45754933     ; -0.376189381    
   1.45726275     ; -0.377443105    
   1.45697522     ; -0.378696591    
   1.45668674     ; -0.379949868    
   1.45639729     ; -0.381202936    
   1.45610690     ; -0.382455766    
   1.45581555     ; -0.383708388    
   1.45552325     ; -0.384960771    
   1.45523000     ; -0.386212945    
   1.45493579     ; -0.387464911    
   1.45464063     ; -0.388716638    
   1.45434451     ; -0.389968157    
   1.45404744     ; -0.391219437    
   1.45374942     ; -0.392470479    
   1.45345044     ; -0.393721312    
   1.45315051     ; -0.394971907    
   1.45284963     ; -0.396222293    
   1.45254779     ; -0.397472441    
   1.45224500     ; -0.398722351    
   1.45194125     ; -0.399972022    
   1.45163655     ; -0.401221484    
   1.45133090     ; -0.402470708    
   1.45102429     ; -0.403719693    
   1.45071685     ; -0.404968441    
   1.45040846     ; -0.406216979    
   1.45009911     ; -0.407465279    
   1.44978881     ; -0.408713341    
   1.44947755     ; -0.409961164    
   1.44916534     ; -0.411208749    
   1.44885218     ; -0.412456095    
   1.44853806     ; -0.413703203    
   1.44822299     ; -0.414950073    
   1.44790697     ; -0.416196704    
   1.44758999     ; -0.417443097    
   1.44727206     ; -0.418689251    
   1.44695318     ; -0.419935167    
   1.44663334     ; -0.421180844    
   1.44631255     ; -0.422426283    
   1.44599080     ; -0.423671454    
   1.44566810     ; -0.424916387    
   1.44534457     ; -0.426161081    
   1.44502008     ; -0.427405536    
   1.44469464     ; -0.428649724    
   1.44436824     ; -0.429893672    
   1.44404089     ; -0.431137383    
   1.44371259     ; -0.432380825    
   1.44338334     ; -0.433624029    
   1.44305313     ; -0.434866995    
   1.44272196     ; -0.436109692    
   1.44238985     ; -0.437352151    
   1.44205678     ; -0.438594341    
   1.44172275     ; -0.439836293    
   1.44138777     ; -0.441077977    
   1.44105196     ; -0.442319423    
   1.44071519     ; -0.443560600    
   1.44037747     ; -0.444801539    
   1.44003880     ; -0.446042210    
   1.43969917     ; -0.447282642    
   1.43935859     ; -0.448522806    
   1.43901706     ; -0.449762702    
   1.43867457     ; -0.451002330    
   1.43833113     ; -0.452241719    
   1.43798673     ; -0.453480840    
   1.43764150     ; -0.454719692    
   1.43729532     ; -0.455958277    
   1.43694818     ; -0.457196623    
   1.43660009     ; -0.458434701    
   1.43625104     ; -0.459672511    
   1.43590105     ; -0.460910052    
   1.43555009     ; -0.462147325    
   1.43519819     ; -0.463384330    
   1.43484545     ; -0.464621067    
   1.43449175     ; -0.465857536    
   1.43413711     ; -0.467093736    
   1.43378150     ; -0.468329668    
   1.43342495     ; -0.469565332    
   1.43306744     ; -0.470800728    
   1.43270898     ; -0.472035855    
   1.43234956     ; -0.473270714    
   1.43198931     ; -0.474505305    
   1.43162811     ; -0.475739598    
   1.43126595     ; -0.476973623    
   1.43090284     ; -0.478207380    
   1.43053877     ; -0.479440868    
   1.43017375     ; -0.480674088    
   1.42980778     ; -0.481907010    
   1.42944098     ; -0.483139664    
   1.42907321     ; -0.484372050    
   1.42870450     ; -0.485604137    
   1.42833483     ; -0.486835957    
   1.42796421     ; -0.488067478    
   1.42759264     ; -0.489298731    
   1.42722011     ; -0.490529686    
   1.42684674     ; -0.491760373    
   1.42647243     ; -0.492990762    
   1.42609715     ; -0.494220883    
   1.42572093     ; -0.495450705    
   1.42534375     ; -0.496680260    
   1.42496562     ; -0.497909516    
   1.42458665     ; -0.499138504    
   1.42420673     ; -0.500367165    
   1.42382586     ; -0.501595557    
   1.42344403     ; -0.502823651    
   1.42306125     ; -0.504051447    
   1.42267764     ; -0.505279005    
   1.42229307     ; -0.506506264    
   1.42190754     ; -0.507733226    
   1.42152107     ; -0.508959889    
   1.42113364     ; -0.510186255    
   1.42074525     ; -0.511412323    
   1.42035604     ; -0.512638092    
   1.41996586     ; -0.513863564    
   1.41957474     ; -0.515088737    
   1.41918266     ; -0.516313612    
   1.41878963     ; -0.517538190    
   1.41839576     ; -0.518762469    
   1.41800094     ; -0.519986451    
   1.41760516     ; -0.521210134    
   1.41720843     ; -0.522433519    
   1.41681075     ; -0.523656607    
   1.41641223     ; -0.524879396    
   1.41601276     ; -0.526101887    
   1.41561234     ; -0.527324080    
   1.41521096     ; -0.528545976    
   1.41480875     ; -0.529767573    
   1.41440558     ; -0.530988812    
   1.41400146     ; -0.532209754    
   1.41359639     ; -0.533430398    
   1.41319036     ; -0.534650743    
   1.41278350     ; -0.535870790    
   1.41237569     ; -0.537090540    
   1.41196692     ; -0.538309932    
   1.41155720     ; -0.539529026    
   1.41114664     ; -0.540747821    
   1.41073513     ; -0.541966319    
   1.41032267     ; -0.543184459    
   1.40990925     ; -0.544402301    
   1.40949500     ; -0.545619845    
   1.40907979     ; -0.546837091    
   1.40866363     ; -0.548053980    
   1.40824652     ; -0.549270570    
   1.40782857     ; -0.550486863    
   1.40740967     ; -0.551702797    
   1.40698981     ; -0.552918434    
   1.40656900     ; -0.554133773    
   1.40614736     ; -0.555348754    
   1.40572476     ; -0.556563437    
   1.40530121     ; -0.557777822    
   1.40487671     ; -0.558991849    
   1.40445137     ; -0.560205579    
   1.40402508     ; -0.561418951    
   1.40359783     ; -0.562632024    
   1.40316963     ; -0.563844800    
   1.40274060     ; -0.565057218    
   1.40231061     ; -0.566269338    
   1.40187967     ; -0.567481101    
   1.40144789     ; -0.568692565    
   1.40101516     ; -0.569903672    
   1.40058148     ; -0.571114480    
   1.40014684     ; -0.572324932    
   1.39971137     ; -0.573535085    
   1.39927495     ; -0.574744880    
   1.39883757     ; -0.575954378    
   1.39839935     ; -0.577163517    
   1.39796019     ; -0.578372300    
   1.39752007     ; -0.579580784    
   1.39707899     ; -0.580788910    
   1.39663708     ; -0.581996739    
   1.39619422     ; -0.583204210    
   1.39575040     ; -0.584411323    
   1.39530575     ; -0.585618138    
   1.39486015     ; -0.586824596    
   1.39441359     ; -0.588030696    
   1.39396620     ; -0.589236498    
   1.39351785     ; -0.590441942    
   1.39306855     ; -0.591647029    
   1.39261842     ; -0.592851758    
   1.39216733     ; -0.594056189    
   1.39171529     ; -0.595260262    
   1.39126241     ; -0.596463978    
   1.39080858     ; -0.597667336    
   1.39035380     ; -0.598870397    
   1.38989818     ; -0.600073099    
   1.38944161     ; -0.601275444    
   1.38898408     ; -0.602477431    
   1.38852572     ; -0.603679061    
   1.38806641     ; -0.604880393    
   1.38760614     ; -0.606081367    
   1.38714504     ; -0.607281983    
   1.38668299     ; -0.608482242    
   1.38621998     ; -0.609682143    
   1.38575613     ; -0.610881686    
   1.38529134     ; -0.612080872    
   1.38482559     ; -0.613279700    
   1.38435900     ; -0.614478171    
   1.38389146     ; -0.615676343    
   1.38342309     ; -0.616874158    
   1.38295376     ; -0.618071616    
   1.38248348     ; -0.619268715    
   1.38201237     ; -0.620465457    
   1.38154030     ; -0.621661842    
   1.38106728     ; -0.622857869    
   1.38059342     ; -0.624053538    
   1.38011861     ; -0.625248849    
   1.37964296     ; -0.626443744    
   1.37916636     ; -0.627638280    
   1.37868881     ; -0.628832459    
   1.37821043     ; -0.630026281    
   1.37773108     ; -0.631219745    
   1.37725091     ; -0.632412851    
   1.37676978     ; -0.633605599    
   1.37628770     ; -0.634797990    
   1.37580478     ; -0.635990024    
   1.37532091     ; -0.637181699    
   1.37483621     ; -0.638372958    
   1.37435055     ; -0.639563859    
   1.37386394     ; -0.640754402    
   1.37337649     ; -0.641944587    
   1.37288809     ; -0.643134415    
   1.37239885     ; -0.644323826    
   1.37190866     ; -0.645512879    
   1.37141764     ; -0.646701574    
   1.37092566     ; -0.647889912    
   1.37043273     ; -0.649077833    
   1.36993897     ; -0.650265396    
   1.36944425     ; -0.651452601    
   1.36894870     ; -0.652639449    
   1.36845219     ; -0.653825879    
   1.36795485     ; -0.655011952    
   1.36745656     ; -0.656197667    
   1.36695731     ; -0.657382965    
   1.36645722     ; -0.658567905    
   1.36595619     ; -0.659752429    
   1.36545432     ; -0.660936594    
   1.36495149     ; -0.662120402    
   1.36444783     ; -0.663303792    
   1.36394322     ; -0.664486825    
   1.36343777     ; -0.665669441    
   1.36293137     ; -0.666851699    
   1.36242414     ; -0.668033600    
   1.36191595     ; -0.669215083    
   1.36140692     ; -0.670396209    
   1.36089694     ; -0.671576917    
   1.36038613     ; -0.672757268    
   1.35987437     ; -0.673937201    
   1.35936177     ; -0.675116777    
   1.35884821     ; -0.676295936    
   1.35833371     ; -0.677474737    
   1.35781837     ; -0.678653121    
   1.35730207     ; -0.679831088    
   1.35678494     ; -0.681008697    
   1.35626686     ; -0.682185888    
   1.35574794     ; -0.683362722    
   1.35522807     ; -0.684539139    
   1.35470736     ; -0.685715139    
   1.35418570     ; -0.686890781    
   1.35366321     ; -0.688066006    
   1.35313988     ; -0.689240873    
   1.35261559     ; -0.690415323    
   1.35209048     ; -0.691589355    
   1.35156441     ; -0.692762971    
   1.35103750     ; -0.693936229    
   1.35050964     ; -0.695109069    
   1.34998095     ; -0.696281493    
   1.34945130     ; -0.697453558    
   1.34892082     ; -0.698625207    
   1.34838939     ; -0.699796438    
   1.34785712     ; -0.700967252    
   1.34732389     ; -0.702137709    
   1.34678984     ; -0.703307748    
   1.34625483     ; -0.704477370    
   1.34571898     ; -0.705646574    
   1.34518230     ; -0.706815362    
   1.34464467     ; -0.707983732    
   1.34410620     ; -0.709151745    
   1.34356678     ; -0.710319340    
   1.34302652     ; -0.711486518    
   1.34248531     ; -0.712653279    
   1.34194326     ; -0.713819623    
   1.34140038     ; -0.714985549    
   1.34085655     ; -0.716151059    
   1.34031188     ; -0.717316151    
   1.33976626     ; -0.718480825    
   1.33921981     ; -0.719645083    
   1.33867240     ; -0.720808983    
   1.33812416     ; -0.721972466    
   1.33757508     ; -0.723135531    
   1.33702505     ; -0.724298179    
   1.33647418     ; -0.725460410    
   1.33592236     ; -0.726622224    
   1.33536971     ; -0.727783620    
   1.33481622     ; -0.728944540    
   1.33426178     ; -0.730105042    
   1.33370650     ; -0.731265128    
   1.33315027     ; -0.732424796    
   1.33259320     ; -0.733584046    
   1.33203530     ; -0.734742880    
   1.33147645     ; -0.735901296    
   1.33091676     ; -0.737059295    
   1.33035612     ; -0.738216877    
   1.32979465     ; -0.739374042    
   1.32923234     ; -0.740530729    
   1.32866907     ; -0.741687000    
   1.32810497     ; -0.742842853    
   1.32754004     ; -0.743998289    
   1.32697415     ; -0.745153308    
   1.32640743     ; -0.746307909    
   1.32583988     ; -0.747462034    
   1.32527137     ; -0.748615742    
   1.32470202     ; -0.749769032    
   1.32413185     ; -0.750921905    
   1.32356071     ; -0.752074301    
   1.32298875     ; -0.753226280    
   1.32241595     ; -0.754377842    
   1.32184219     ; -0.755528927    
   1.32126760     ; -0.756679595    
   1.32069218     ; -0.757829845    
   1.32011580     ; -0.758979678    
   1.31953859     ; -0.760129035    
   1.31896055     ; -0.761277974    
   1.31838155     ; -0.762426436    
   1.31780171     ; -0.763574481    
   1.31722105     ; -0.764722109    
   1.31663942     ; -0.765869260    
   1.31605697     ; -0.767015994    
   1.31547368     ; -0.768162251    
   1.31488943     ; -0.769308090    
   1.31430435     ; -0.770453513    
   1.31371844     ; -0.771598458    
   1.31313169     ; -0.772742987    
   1.31254399     ; -0.773887038    
   1.31195545     ; -0.775030673    
   1.31136608     ; -0.776173830    
   1.31077576     ; -0.777316570    
   1.31018460     ; -0.778458834    
   1.30959260     ; -0.779600680    
   1.30899978     ; -0.780742049    
   1.30840600     ; -0.781883001    
   1.30781138     ; -0.783023477    
   1.30721593     ; -0.784163475    
   1.30661952     ; -0.785303056    
   1.30602229     ; -0.786442161    
   1.30542421     ; -0.787580848    
   1.30482531     ; -0.788719058    
   1.30422544     ; -0.789856791    
   1.30362475     ; -0.790994108    
   1.30302322     ; -0.792130947    
   1.30242085     ; -0.793267310    
   1.30181766     ; -0.794403255    
   1.30121350     ; -0.795538723    
   1.30060852     ; -0.796673715    
   1.30000269     ; -0.797808290    
   1.29939604     ; -0.798942387    
   1.29878843     ; -0.800076008    
   1.29817998     ; -0.801209211    
   1.29757071     ; -0.802341938    
   1.29696059     ; -0.803474188    
   1.29634953     ; -0.804605961    
   1.29573762     ; -0.805737257    
   1.29512489     ; -0.806868136    
   1.29451132     ; -0.807998538    
   1.29389691     ; -0.809128463    
   1.29328156     ; -0.810257912    
   1.29266536     ; -0.811386883    
   1.29204834     ; -0.812515438    
   1.29143047     ; -0.813643515    
   1.29081178     ; -0.814771116    
   1.29019225     ; -0.815898240    
   1.28957176     ; -0.817024887    
   1.28895044     ; -0.818151057    
   1.28832829     ; -0.819276750    
   1.28770530     ; -0.820401967    
   1.28708148     ; -0.821526706    
   1.28645682     ; -0.822650969    
   1.28583121     ; -0.823774755    
   1.28520477     ; -0.824898064    
   1.28457749     ; -0.826020896    
   1.28394938     ; -0.827143252    
   1.28332043     ; -0.828265131    
   1.28269064     ; -0.829386532    
   1.28205991     ; -0.830507457    
   1.28142834     ; -0.831627905    
   1.28079593     ; -0.832747877    
   1.28016269     ; -0.833867371    
   1.27952862     ; -0.834986389    
   1.27889371     ; -0.836104929    
   1.27825797     ; -0.837222993    
   1.27762139     ; -0.838340580    
   1.27698386     ; -0.839457691    
   1.27634549     ; -0.840574324    
   1.27570629     ; -0.841690481    
   1.27506626     ; -0.842806101    
   1.27442539     ; -0.843921244    
   1.27378368     ; -0.845035911    
   1.27314115     ; -0.846150100    
   1.27249777     ; -0.847263813    
   1.27185357     ; -0.848377049    
   1.27120852     ; -0.849489748    
   1.27056253     ; -0.850601971    
   1.26991570     ; -0.851713717    
   1.26926804     ; -0.852824986    
   1.26861954     ; -0.853935719    
   1.26797020     ; -0.855045974    
   1.26732004     ; -0.856155753    
   1.26666903     ; -0.857265055    
   1.26601720     ; -0.858373821    
   1.26536453     ; -0.859482110    
   1.26471102     ; -0.860589921    
   1.26405668     ; -0.861697197    
   1.26340151     ; -0.862803996    
   1.26274550     ; -0.863910317    
   1.26208866     ; -0.865016103    
   1.26143098     ; -0.866121411    
   1.26077235     ; -0.867226243    
   1.26011288     ; -0.868330538    
   1.25945258     ; -0.869434357    
   1.25879145     ; -0.870537639    
   1.25812948     ; -0.871640444    
   1.25746667     ; -0.872742772    
   1.25680304     ; -0.873844564    
   1.25613856     ; -0.874945879    
   1.25547326     ; -0.876046658    
   1.25480711     ; -0.877146959    
   1.25414014     ; -0.878246725    
   1.25347233     ; -0.879346013    
   1.25280368     ; -0.880444765    
   1.25213420     ; -0.881543040    
   1.25146389     ; -0.882640779    
   1.25079274     ; -0.883738041    
   1.25012076     ; -0.884834766    
   1.24944794     ; -0.885931015    
   1.24877429     ; -0.887026727    
   1.24809980     ; -0.888121903    
   1.24742448     ; -0.889216602    
   1.24674833     ; -0.890310764    
   1.24607134     ; -0.891404450    
   1.24539351     ; -0.892497599    
   1.24471498     ; -0.893590212    
   1.24403560     ; -0.894682348    
   1.24335539     ; -0.895773947    
   1.24267435     ; -0.896865010    
   1.24199247     ; -0.897955596    
   1.24130976     ; -0.899045646    
   1.24062622     ; -0.900135159    
   1.23994184     ; -0.901224196    
   1.23925662     ; -0.902312696    
   1.23857057     ; -0.903400660    
   1.23788369     ; -0.904488087    
   1.23719597     ; -0.905575037    
   1.23650742     ; -0.906661451    
   1.23581803     ; -0.907747328    
   1.23512781     ; -0.908832669    
   1.23443675     ; -0.909917533    
   1.23374498     ; -0.911001861    
   1.23305237     ; -0.912085652    
   1.23235893     ; -0.913168907    
   1.23166466     ; -0.914251626    
   1.23096955     ; -0.915333807    
   1.23027360     ; -0.916415513    
   1.22957683     ; -0.917496681    
   1.22887921     ; -0.918577313    
   1.22818077     ; -0.919657409    
   1.22748160     ; -0.920736969    
   1.22678161     ; -0.921815991    
   1.22608078     ; -0.922894478    
   1.22537911     ; -0.923972428    
   1.22467661     ; -0.925049841    
   1.22397327     ; -0.926126719    
   1.22326910     ; -0.927203119    
   1.22256410     ; -0.928278983    
   1.22185838     ; -0.929354310    
   1.22115183     ; -0.930429101    
   1.22044444     ; -0.931503356    
   1.21973622     ; -0.932577074    
   1.21902716     ; -0.933650255    
   1.21831727     ; -0.934722900    
   1.21760666     ; -0.935794950    
   1.21689522     ; -0.936866462    
   1.21618295     ; -0.937937438    
   1.21546984     ; -0.939007878    
   1.21475589     ; -0.940077782    
   1.21404111     ; -0.941147149    
   1.21332562     ; -0.942215979    
   1.21260929     ; -0.943284273    
   1.21189213     ; -0.944352031    
   1.21117413     ; -0.945419252    
   1.21045530     ; -0.946485877    
   1.20973575     ; -0.947551966    
   1.20901537     ; -0.948617518    
   1.20829415     ; -0.949682534    
   1.20757210     ; -0.950747013    
   1.20684934     ; -0.951810956    
   1.20612574     ; -0.952874303    
   1.20540130     ; -0.953937113    
   1.20467603     ; -0.954999387    
   1.20394993     ; -0.956061125    
   1.20322311     ; -0.957122266    
   1.20249546     ; -0.958182871    
   1.20176697     ; -0.959242940    
   1.20103765     ; -0.960302472    
   1.20030761     ; -0.961361408    
   1.19957674     ; -0.962419808    
   1.19884503     ; -0.963477671    
   1.19811249     ; -0.964534938    
   1.19737923     ; -0.965591669    
   1.19664514     ; -0.966647863    
   1.19591022     ; -0.967703462    
   1.19517457     ; -0.968758523    
   1.19443810     ; -0.969813049    
   1.19370079     ; -0.970866978    
   1.19296265     ; -0.971920371    
   1.19222379     ; -0.972973228    
   1.19148409     ; -0.974025488    
   1.19074357     ; -0.975077212    
   1.19000232     ; -0.976128340    
   1.18926024     ; -0.977178931    
   1.18851733     ; -0.978228927    
   1.18777359     ; -0.979278386    
   1.18702912     ; -0.980327249    
   1.18628383     ; -0.981375575    
   1.18553770     ; -0.982423306    
   1.18479085     ; -0.983470500    
   1.18404317     ; -0.984517097    
   1.18329465     ; -0.985563159    
   1.18254542     ; -0.986608624    
   1.18179536     ; -0.987653553    
   1.18104446     ; -0.988697886    
   1.18029284     ; -0.989741683    
   1.17954040     ; -0.990784883    
   1.17878723     ; -0.991827548    
   1.17803323     ; -0.992869616    
   1.17727840     ; -0.993911088    
   1.17652285     ; -0.994952023    
   1.17576647     ; -0.995992362    
   1.17500925     ; -0.997032106    
   1.17425132     ; -0.998071313    
   1.17349255     ; -0.999109924    
   1.17273295     ;  -1.00014794    
   1.17197263     ;  -1.00118542    
   1.17121148     ;  -1.00222230    
   1.17044961     ;  -1.00325859    
   1.16968691     ;  -1.00429428    
   1.16892338     ;  -1.00532949    
   1.16815913     ;  -1.00636411    
   1.16739404     ;  -1.00739813    
   1.16662824     ;  -1.00843155    
   1.16586161     ;  -1.00946438    
   1.16509426     ;  -1.01049662    
   1.16432607     ;  -1.01152825    
   1.16355705     ;  -1.01255929    
   1.16278732     ;  -1.01358974    
   1.16201675     ;  -1.01461971    
   1.16124547     ;  -1.01564908    
   1.16047335     ;  -1.01667786    
   1.15970051     ;  -1.01770604    
   1.15892684     ;  -1.01873362    
   1.15815246     ;  -1.01976061    
   1.15737724     ;  -1.02078700    
   1.15660119     ;  -1.02181280    
   1.15582442     ;  -1.02283800    
   1.15504682     ;  -1.02386260    
   1.15426850     ;  -1.02488661    
   1.15348935     ;  -1.02591002    
   1.15270948     ;  -1.02693284    
   1.15192878     ;  -1.02795506    
   1.15114737     ;  -1.02897668    
   1.15036511     ;  -1.02999771    
   1.14958215     ;  -1.03101814    
   1.14879835     ;  -1.03203797    
   1.14801383     ;  -1.03305721    
   1.14722848     ;  -1.03407586    
   1.14644241     ;  -1.03509390    
   1.14565551     ;  -1.03611135    
   1.14486790     ;  -1.03712821    
   1.14407945     ;  -1.03814447    
   1.14329028     ;  -1.03916013    
   1.14250028     ;  -1.04017520    
   1.14170957     ;  -1.04118967    
   1.14091802     ;  -1.04220355    
   1.14012575     ;  -1.04321682    
   1.13933277     ;  -1.04422951    
   1.13853896     ;  -1.04524159    
   1.13774443     ;  -1.04625309    
   1.13694906     ;  -1.04726398    
   1.13615298     ;  -1.04827428    
   1.13535607     ;  -1.04928398    
   1.13455844     ;  -1.05029309    
   1.13375998     ;  -1.05130160    
   1.13296080     ;  -1.05230951    
   1.13216090     ;  -1.05331683    
   1.13136017     ;  -1.05432355    
   1.13055873     ;  -1.05532956    
   1.12975645     ;  -1.05633497    
   1.12895346     ;  -1.05733979    
   1.12814975     ;  -1.05834401    
   1.12734520     ;  -1.05934763    
   1.12653995     ;  -1.06035066    
   1.12573385     ;  -1.06135309    
   1.12492704     ;  -1.06235492    
   1.12411952     ;  -1.06335604    
   1.12331116     ;  -1.06435657    
   1.12250209     ;  -1.06535649    
   1.12169230     ;  -1.06635582    
   1.12088168     ;  -1.06735456    
   1.12007034     ;  -1.06835270    
   1.11925817     ;  -1.06935012    
   1.11844528     ;  -1.07034695    
   1.11763167     ;  -1.07134318    
   1.11681724     ;  -1.07233882    
   1.11600208     ;  -1.07333386    
   1.11518621     ;  -1.07432830    
   1.11436951     ;  -1.07532203    
   1.11355209     ;  -1.07631516    
   1.11273396     ;  -1.07730770    
   1.11191499     ;  -1.07829964    
   1.11109531     ;  -1.07929099    
   1.11027491     ;  -1.08028162    
   1.10945380     ;  -1.08127165    
   1.10863185     ;  -1.08226109    
   1.10780919     ;  -1.08324993    
   1.10698581     ;  -1.08423805    
   1.10616159     ;  -1.08522558    
   1.10533667     ;  -1.08621252    
   1.10451102     ;  -1.08719885    
   1.10368454     ;  -1.08818448    
   1.10285735     ;  -1.08916950    
