   1.50000000     ;   0.00000000    
   1.49999893     ;  -1.28594332E-03
   1.49999666     ;  -2.57188571E-03
   1.49999332     ;  -3.85782612E-03
   1.49998891     ;  -5.14376350E-03
   1.49998343     ;  -6.42969739E-03
   1.49997675     ;  -7.71562615E-03
   1.49996901     ;  -9.00154933E-03
   1.49996018     ;  -1.02874655E-02
   1.49995017     ;  -1.15733743E-02
   1.49993908     ;  -1.28592746E-02
   1.49992692     ;  -1.41451657E-02
   1.49991369     ;  -1.54310456E-02
   1.49989927     ;  -1.67169143E-02
   1.49988377     ;  -1.80027708E-02
   1.49986720     ;  -1.92886144E-02
   1.49984944     ;  -2.05744430E-02
   1.49983060     ;  -2.18602568E-02
   1.49981070     ;  -2.31460538E-02
   1.49978971     ;  -2.44318340E-02
   1.49976754     ;  -2.57175956E-02
   1.49974430     ;  -2.70033386E-02
   1.49971998     ;  -2.82890610E-02
   1.49969447     ;  -2.95747630E-02
   1.49966788     ;  -3.08604427E-02
   1.49964023     ;  -3.21461000E-02
   1.49961150     ;  -3.34317349E-02
   1.49958158     ;  -3.47173437E-02
   1.49955058     ;  -3.60029265E-02
   1.49951851     ;  -3.72884832E-02
   1.49948525     ;  -3.85740101E-02
   1.49945092     ;  -3.98595110E-02
   1.49941552     ;  -4.11449820E-02
   1.49937904     ;  -4.24304232E-02
   1.49934137     ;  -4.37158309E-02
   1.49930263     ;  -4.50012088E-02
   1.49926281     ;  -4.62865531E-02
   1.49922180     ;  -4.75718603E-02
   1.49917972     ;  -4.88571338E-02
   1.49913657     ;  -5.01423702E-02
   1.49909234     ;  -5.14275692E-02
   1.49904692     ;  -5.27127311E-02
   1.49900043     ;  -5.39978556E-02
   1.49895287     ;  -5.52829392E-02
   1.49890411     ;  -5.65679818E-02
   1.49885428     ;  -5.78529835E-02
   1.49880338     ;  -5.91379404E-02
   1.49875140     ;  -6.04228526E-02
   1.49869823     ;  -6.17077202E-02
   1.49864399     ;  -6.29925430E-02
   1.49858868     ;  -6.42773211E-02
   1.49853230     ;  -6.55620471E-02
   1.49847472     ;  -6.68467283E-02
   1.49841607     ;  -6.81313574E-02
   1.49835634     ;  -6.94159344E-02
   1.49829543     ;  -7.07004592E-02
   1.49823344     ;  -7.19849318E-02
   1.49817038     ;  -7.32693523E-02
   1.49810624     ;  -7.45537207E-02
   1.49804091     ;  -7.58380368E-02
   1.49797451     ;  -7.71222934E-02
   1.49790704     ;  -7.84064904E-02
   1.49783838     ;  -7.96906352E-02
   1.49776864     ;  -8.09747204E-02
   1.49769783     ;  -8.22587460E-02
   1.49762595     ;  -8.35427046E-02
   1.49755287     ;  -8.48266035E-02
   1.49747872     ;  -8.61104429E-02
   1.49740350     ;  -8.73942152E-02
   1.49732721     ;  -8.86779204E-02
   1.49724972     ;  -8.99615660E-02
   1.49717116     ;  -9.12451446E-02
   1.49709153     ;  -9.25286561E-02
   1.49701071     ;  -9.38120931E-02
   1.49692881     ;  -9.50954631E-02
   1.49684584     ;  -9.63787660E-02
   1.49676180     ;  -9.76619944E-02
   1.49667656     ;  -9.89451483E-02
   1.49659026     ; -0.100228228    
   1.49650288     ; -0.101511233    
   1.49641442     ; -0.102794163    
   1.49632478     ; -0.104077019    
   1.49623406     ; -0.105359800    
   1.49614227     ; -0.106642500    
   1.49604940     ; -0.107925124    
   1.49595535     ; -0.109207667    
   1.49586022     ; -0.110490128    
   1.49576402     ; -0.111772507    
   1.49566674     ; -0.113054805    
   1.49556828     ; -0.114337020    
   1.49546874     ; -0.115619145    
   1.49536812     ; -0.116901189    
   1.49526632     ; -0.118183143    
   1.49516344     ; -0.119465008    
   1.49505949     ; -0.120746791    
   1.49495447     ; -0.122028485    
   1.49484825     ; -0.123310082    
   1.49474096     ; -0.124591589    
   1.49463260     ; -0.125872999    
   1.49452317     ; -0.127154320    
   1.49441254     ; -0.128435552    
   1.49430084     ; -0.129716679    
   1.49418807     ; -0.130997717    
   1.49407423     ; -0.132278651    
   1.49395919     ; -0.133559495    
   1.49384308     ; -0.134840235    
   1.49372590     ; -0.136120886    
   1.49360764     ; -0.137401432    
   1.49348819     ; -0.138681874    
   1.49336767     ; -0.139962211    
   1.49324608     ; -0.141242445    
   1.49312341     ; -0.142522573    
   1.49299955     ; -0.143802598    
   1.49287462     ; -0.145082518    
   1.49274862     ; -0.146362334    
   1.49262154     ; -0.147642031    
   1.49249327     ; -0.148921624    
   1.49236393     ; -0.150201112    
   1.49223351     ; -0.151480481    
   1.49210203     ; -0.152759746    
   1.49196947     ; -0.154038891    
   1.49183571     ; -0.155317917    
   1.49170089     ; -0.156596839    
   1.49156499     ; -0.157875642    
   1.49142802     ; -0.159154326    
   1.49128985     ; -0.160432890    
   1.49115062     ; -0.161711335    
   1.49101031     ; -0.162989661    
   1.49086893     ; -0.164267868    
   1.49072635     ; -0.165545955    
   1.49058270     ; -0.166823909    
   1.49043798     ; -0.168101743    
   1.49029219     ; -0.169379458    
   1.49014521     ; -0.170657039    
   1.48999715     ; -0.171934500    
   1.48984802     ; -0.173211828    
   1.48969781     ; -0.174489036    
   1.48954654     ; -0.175766110    
   1.48939407     ; -0.177043051    
   1.48924053     ; -0.178319857    
   1.48908591     ; -0.179596543    
   1.48893023     ; -0.180873096    
   1.48877335     ; -0.182149515    
   1.48861539     ; -0.183425799    
   1.48845637     ; -0.184701949    
   1.48829627     ; -0.185977951    
   1.48813510     ; -0.187253818    
   1.48797274     ; -0.188529551    
   1.48780930     ; -0.189805135    
   1.48764479     ; -0.191080585    
   1.48747921     ; -0.192355886    
   1.48731256     ; -0.193631053    
   1.48714471     ; -0.194906071    
   1.48697579     ; -0.196180955    
   1.48680580     ; -0.197455689    
   1.48663473     ; -0.198730275    
   1.48646259     ; -0.200004712    
   1.48628926     ; -0.201278999    
   1.48611486     ; -0.202553138    
   1.48593938     ; -0.203827128    
   1.48576283     ; -0.205100968    
   1.48558521     ; -0.206374660    
   1.48540640     ; -0.207648188    
   1.48522651     ; -0.208921567    
   1.48504555     ; -0.210194796    
   1.48486352     ; -0.211467862    
   1.48468041     ; -0.212740779    
   1.48449612     ; -0.214013532    
   1.48431075     ; -0.215286136    
   1.48412430     ; -0.216558576    
   1.48393679     ; -0.217830852    
   1.48374820     ; -0.219102964    
   1.48355842     ; -0.220374912    
   1.48336756     ; -0.221646696    
   1.48317564     ; -0.222918317    
   1.48298264     ; -0.224189773    
   1.48278856     ; -0.225461066    
   1.48259330     ; -0.226732194    
   1.48239696     ; -0.228003159    
   1.48219955     ; -0.229273945    
   1.48200107     ; -0.230544567    
   1.48180151     ; -0.231815010    
   1.48160088     ; -0.233085290    
   1.48139906     ; -0.234355390    
   1.48119617     ; -0.235625327    
   1.48099220     ; -0.236895084    
   1.48078716     ; -0.238164663    
   1.48058105     ; -0.239434063    
   1.48037386     ; -0.240703285    
   1.48016548     ; -0.241972327    
   1.47995603     ; -0.243241191    
   1.47974551     ; -0.244509876    
   1.47953391     ; -0.245778382    
   1.47932124     ; -0.247046709    
   1.47910750     ; -0.248314857    
   1.47889256     ; -0.249582812    
   1.47867656     ; -0.250850588    
   1.47845948     ; -0.252118170    
   1.47824132     ; -0.253385574    
   1.47802210     ; -0.254652798    
   1.47780180     ; -0.255919814    
   1.47758043     ; -0.257186651    
   1.47735786     ; -0.258453280    
   1.47713423     ; -0.259719729    
   1.47690952     ; -0.260986000    
   1.47668374     ; -0.262252063    
   1.47645688     ; -0.263517946    
   1.47622895     ; -0.264783621    
   1.47599983     ; -0.266049087    
   1.47576964     ; -0.267314374    
   1.47553837     ; -0.268579453    
   1.47530603     ; -0.269844323    
   1.47507262     ; -0.271109015    
   1.47483814     ; -0.272373497    
   1.47460258     ; -0.273637772    
   1.47436595     ; -0.274901837    
   1.47412813     ; -0.276165724    
   1.47388923     ; -0.277429402    
   1.47364926     ; -0.278692871    
   1.47340822     ; -0.279956132    
   1.47316611     ; -0.281219184    
   1.47292292     ; -0.282482028    
   1.47267866     ; -0.283744663    
   1.47243333     ; -0.285007089    
   1.47218680     ; -0.286269307    
   1.47193921     ; -0.287531316    
   1.47169054     ; -0.288793117    
   1.47144079     ; -0.290054679    
   1.47118998     ; -0.291316032    
   1.47093809     ; -0.292577177    
   1.47068512     ; -0.293838114    
   1.47043109     ; -0.295098811    
   1.47017598     ; -0.296359301    
   1.46991968     ; -0.297619581    
   1.46966231     ; -0.298879623    
   1.46940386     ; -0.300139457    
   1.46914434     ; -0.301399052    
   1.46888375     ; -0.302658439    
   1.46862209     ; -0.303917587    
   1.46835935     ; -0.305176526    
   1.46809554     ; -0.306435227    
   1.46783066     ; -0.307693690    
   1.46756470     ; -0.308951944    
   1.46729767     ; -0.310209960    
   1.46702945     ; -0.311467737    
   1.46676016     ; -0.312725306    
   1.46648979     ; -0.313982636    
   1.46621835     ; -0.315239727    
   1.46594584     ; -0.316496581    
   1.46567225     ; -0.317753196    
   1.46539760     ; -0.319009572    
   1.46512187     ; -0.320265740    
   1.46484506     ; -0.321521670    
   1.46456718     ; -0.322777361    
   1.46428823     ; -0.324032813    
   1.46400821     ; -0.325288028    
   1.46372712     ; -0.326542974    
   1.46344483     ; -0.327797681    
   1.46316147     ; -0.329052150    
   1.46287704     ; -0.330306381    
   1.46259153     ; -0.331560373    
   1.46230495     ; -0.332814097    
   1.46201730     ; -0.334067583    
   1.46172857     ; -0.335320830    
   1.46143878     ; -0.336573839    
   1.46114790     ; -0.337826580    
   1.46085596     ; -0.339079082    
   1.46056294     ; -0.340331316    
   1.46026886     ; -0.341583312    
   1.45997369     ; -0.342835039    
   1.45967746     ; -0.344086528    
   1.45938015     ; -0.345337749    
   1.45908177     ; -0.346588731    
   1.45878232     ; -0.347839445    
   1.45848179     ; -0.349089891    
   1.45818019     ; -0.350340098    
   1.45787752     ; -0.351590037    
   1.45757377     ; -0.352839708    
   1.45726895     ; -0.354089141    
   1.45696306     ; -0.355338305    
   1.45665610     ; -0.356587201    
   1.45634806     ; -0.357835829    
   1.45603883     ; -0.359084189    
   1.45572853     ; -0.360332280    
   1.45541716     ; -0.361580104    
   1.45510471     ; -0.362827659    
   1.45479119     ; -0.364074945    
   1.45447659     ; -0.365321964    
   1.45416093     ; -0.366568714    
   1.45384419     ; -0.367815197    
   1.45352638     ; -0.369061410    
   1.45320749     ; -0.370307356    
   1.45288754     ; -0.371553004    
   1.45256650     ; -0.372798383    
   1.45224440     ; -0.374043494    
   1.45192122     ; -0.375288337    
   1.45159698     ; -0.376532882    
   1.45127165     ; -0.377777159    
   1.45094526     ; -0.379021168    
   1.45061779     ; -0.380264878    
   1.45028937     ; -0.381508321    
   1.44995987     ; -0.382751465    
   1.44962931     ; -0.383994341    
   1.44929767     ; -0.385236919    
   1.44896495     ; -0.386479199    
   1.44863117     ; -0.387721211    
   1.44829631     ; -0.388962924    
   1.44796038     ; -0.390204370    
   1.44762337     ; -0.391445518    
   1.44728529     ; -0.392686367    
   1.44694614     ; -0.393926919    
   1.44660592     ; -0.395167202    
   1.44626462     ; -0.396407187    
   1.44592226     ; -0.397646874    
   1.44557881     ; -0.398886263    
   1.44523430     ; -0.400125355    
   1.44488871     ; -0.401364148    
   1.44454205     ; -0.402602643    
   1.44419432     ; -0.403840840    
   1.44384551     ; -0.405078739    
   1.44349563     ; -0.406316340    
   1.44314468     ; -0.407553643    
   1.44279265     ; -0.408790648    
   1.44243968     ; -0.410027355    
   1.44208562     ; -0.411263734    
   1.44173050     ; -0.412499815    
   1.44137430     ; -0.413735598    
   1.44101703     ; -0.414971083    
   1.44065869     ; -0.416206241    
   1.44029927     ; -0.417441100    
   1.43993878     ; -0.418675661    
   1.43957722     ; -0.419909894    
   1.43921459     ; -0.421143830    
   1.43885088     ; -0.422377437    
   1.43848610     ; -0.423610747    
   1.43812025     ; -0.424843729    
   1.43775344     ; -0.426076412    
   1.43738556     ; -0.427308768    
   1.43701661     ; -0.428540796    
   1.43664658     ; -0.429772526    
   1.43627548     ; -0.431003928    
   1.43590331     ; -0.432235003    
   1.43553007     ; -0.433465779    
   1.43515575     ; -0.434696227    
   1.43478036     ; -0.435926348    
   1.43440402     ; -0.437156141    
   1.43402660     ; -0.438385606    
   1.43364811     ; -0.439614743    
   1.43326855     ; -0.440843552    
   1.43288791     ; -0.442072034    
   1.43250620     ; -0.443300188    
   1.43212342     ; -0.444528013    
   1.43173957     ; -0.445755512    
   1.43135476     ; -0.446982682    
   1.43096888     ; -0.448209524    
   1.43058193     ; -0.449436039    
   1.43019390     ; -0.450662225    
   1.42980480     ; -0.451888084    
   1.42941463     ; -0.453113586    
   1.42902339     ; -0.454338759    
   1.42863119     ; -0.455563605    
   1.42823792     ; -0.456788093    
   1.42784357     ; -0.458012253    
   1.42744815     ; -0.459236085    
   1.42705166     ; -0.460459560    
   1.42665410     ; -0.461682707    
   1.42625558     ; -0.462905496    
   1.42585599     ; -0.464127958    
   1.42545533     ; -0.465350062    
   1.42505360     ; -0.466571838    
   1.42465079     ; -0.467793256    
   1.42424691     ; -0.469014317    
   1.42384207     ; -0.470235050    
   1.42343616     ; -0.471455425    
   1.42302918     ; -0.472675443    
   1.42262113     ; -0.473895133    
   1.42221200     ; -0.475114465    
   1.42180192     ; -0.476333439    
   1.42139077     ; -0.477552056    
   1.42097855     ; -0.478770316    
   1.42056525     ; -0.479988217    
   1.42015088     ; -0.481205761    
   1.41973555     ; -0.482422948    
   1.41931915     ; -0.483639777    
   1.41890168     ; -0.484856248    
   1.41848314     ; -0.486072361    
   1.41806352     ; -0.487288117    
   1.41764295     ; -0.488503516    
   1.41722131     ; -0.489718556    
   1.41679859     ; -0.490933239    
   1.41637480     ; -0.492147565    
   1.41595006     ; -0.493361503    
   1.41552424     ; -0.494575083    
   1.41509736     ; -0.495788306    
   1.41466939     ; -0.497001171    
   1.41424036     ; -0.498213649    
   1.41381037     ; -0.499425769    
   1.41337931     ; -0.500637531    
   1.41294718     ; -0.501848876    
   1.41251397     ; -0.503059864    
   1.41207981     ; -0.504270494    
   1.41164458     ; -0.505480766    
   1.41120827     ; -0.506690621    
   1.41077089     ; -0.507900119    
   1.41033256     ; -0.509109259    
   1.40989316     ; -0.510317981    
   1.40945268     ; -0.511526346    
   1.40901124     ; -0.512734354    
   1.40856874     ; -0.513941944    
   1.40812516     ; -0.515149176    
   1.40768051     ; -0.516356051    
   1.40723491     ; -0.517562509    
   1.40678823     ; -0.518768609    
   1.40634048     ; -0.519974291    
   1.40589178     ; -0.521179616    
   1.40544200     ; -0.522384524    
   1.40499115     ; -0.523589075    
   1.40453923     ; -0.524793208    
   1.40408635     ; -0.525996983    
   1.40363240     ; -0.527200341    
   1.40317738     ; -0.528403342    
   1.40272141     ; -0.529605925    
   1.40226436     ; -0.530808151    
   1.40180624     ; -0.532009959    
   1.40134716     ; -0.533211350    
   1.40088701     ; -0.534412384    
   1.40042579     ; -0.535613000    
   1.39996362     ; -0.536813200    
   1.39950037     ; -0.538013041    
   1.39903605     ; -0.539212465    
   1.39857078     ; -0.540411472    
   1.39810443     ; -0.541610122    
   1.39763701     ; -0.542808354    
   1.39716864     ; -0.544006169    
   1.39669919     ; -0.545203567    
   1.39622867     ; -0.546400607    
   1.39575720     ; -0.547597229    
   1.39528465     ; -0.548793435    
   1.39481103     ; -0.549989223    
   1.39433646     ; -0.551184595    
   1.39386082     ; -0.552379549    
   1.39338422     ; -0.553574145    
   1.39290655     ; -0.554768324    
   1.39242780     ; -0.555962086    
   1.39194810     ; -0.557155430    
   1.39146733     ; -0.558348358    
   1.39098549     ; -0.559540868    
   1.39050269     ; -0.560732961    
   1.39001882     ; -0.561924636    
   1.38953400     ; -0.563115895    
   1.38904810     ; -0.564306736    
   1.38856113     ; -0.565497160    
   1.38807321     ; -0.566687167    
   1.38758421     ; -0.567876756    
   1.38709426     ; -0.569065928    
   1.38660324     ; -0.570254683    
   1.38611114     ; -0.571443021    
   1.38561809     ; -0.572630942    
   1.38512397     ; -0.573818386    
   1.38462889     ; -0.575005412    
   1.38413274     ; -0.576192021    
   1.38363564     ; -0.577378213    
   1.38313746     ; -0.578563988    
   1.38263822     ; -0.579749346    
   1.38213801     ; -0.580934227    
   1.38163674     ; -0.582118690    
   1.38113451     ; -0.583302736    
   1.38063121     ; -0.584486365    
   1.38012695     ; -0.585669518    
   1.37962162     ; -0.586852252    
   1.37911534     ; -0.588034570    
   1.37860799     ; -0.589216471    
   1.37809968     ; -0.590397894    
   1.37759030     ; -0.591578901    
   1.37707984     ; -0.592759490    
   1.37656844     ; -0.593939602    
   1.37605596     ; -0.595119298    
   1.37554252     ; -0.596298516    
   1.37502801     ; -0.597477317    
   1.37451255     ; -0.598655701    
   1.37399602     ; -0.599833608    
   1.37347853     ; -0.601011097    
   1.37295997     ; -0.602188110    
   1.37244046     ; -0.603364706    
   1.37191987     ; -0.604540825    
   1.37139833     ; -0.605716527    
   1.37087572     ; -0.606891751    
   1.37035215     ; -0.608066559    
   1.36982751     ; -0.609240890    
   1.36930192     ; -0.610414743    
   1.36877525     ; -0.611588180    
   1.36824763     ; -0.612761140    
   1.36771894     ; -0.613933682    
   1.36718929     ; -0.615105748    
   1.36665869     ; -0.616277337    
   1.36612701     ; -0.617448509    
   1.36559439     ; -0.618619204    
   1.36506069     ; -0.619789422    
   1.36452603     ; -0.620959222    
   1.36399031     ; -0.622128546    
   1.36345363     ; -0.623297393    
   1.36291587     ; -0.624465764    
   1.36237717     ; -0.625633717    
   1.36183751     ; -0.626801193    
   1.36129677     ; -0.627968192    
   1.36075509     ; -0.629134715    
   1.36021233     ; -0.630300760    
   1.35966861     ; -0.631466389    
   1.35912383     ; -0.632631540    
   1.35857809     ; -0.633796215    
   1.35803139     ; -0.634960413    
   1.35748363     ; -0.636124134    
   1.35693491     ; -0.637287378    
   1.35638511     ; -0.638450146    
   1.35583436     ; -0.639612436    
   1.35528266     ; -0.640774250    
   1.35472989     ; -0.641935587    
   1.35417616     ; -0.643096447    
   1.35362136     ; -0.644256830    
   1.35306561     ; -0.645416737    
   1.35250890     ; -0.646576166    
   1.35195112     ; -0.647735119    
   1.35139239     ; -0.648893595    
   1.35083270     ; -0.650051594    
   1.35027194     ; -0.651209116    
   1.34971023     ; -0.652366161    
   1.34914744     ; -0.653522730    
   1.34858370     ; -0.654678822    
   1.34801900     ; -0.655834436    
   1.34745324     ; -0.656989515    
   1.34688652     ; -0.658144116    
   1.34631884     ; -0.659298241    
   1.34575009     ; -0.660451889    
   1.34518039     ; -0.661605060    
   1.34460974     ; -0.662757695    
   1.34403801     ; -0.663909853    
   1.34346533     ; -0.665061533    
   1.34289169     ; -0.666212738    
   1.34231699     ; -0.667363405    
   1.34174132     ; -0.668513596    
   1.34116471     ; -0.669663310    
   1.34058714     ; -0.670812488    
   1.34000850     ; -0.671961188    
   1.33942890     ; -0.673109412    
   1.33884835     ; -0.674257100    
   1.33826673     ; -0.675404310    
   1.33768415     ; -0.676551044    
   1.33710063     ; -0.677697241    
   1.33651614     ; -0.678842962    
   1.33593059     ; -0.679988146    
   1.33534408     ; -0.681132853    
   1.33475661     ; -0.682277024    
   1.33416808     ; -0.683420718    
   1.33357859     ; -0.684563875    
   1.33298814     ; -0.685706556    
   1.33239675     ; -0.686848700    
   1.33180428     ; -0.687990367    
   1.33121085     ; -0.689131498    
   1.33061647     ; -0.690272152    
   1.33002114     ; -0.691412270    
   1.32942474     ; -0.692551851    
   1.32882738     ; -0.693690956    
   1.32822907     ; -0.694829524    
   1.32762980     ; -0.695967615    
   1.32702959     ; -0.697105169    
   1.32642829     ; -0.698242188    
   1.32582605     ; -0.699378729    
   1.32522285     ; -0.700514734    
   1.32461870     ; -0.701650202    
   1.32401359     ; -0.702785134    
   1.32340741     ; -0.703919590    
   1.32280028     ; -0.705053508    
   1.32219219     ; -0.706186891    
   1.32158315     ; -0.707319736    
   1.32097316     ; -0.708452106    
   1.32036209     ; -0.709583938    
   1.31975007     ; -0.710715234    
   1.31913710     ; -0.711845994    
   1.31852317     ; -0.712976217    
   1.31790829     ; -0.714105904    
   1.31729245     ; -0.715235054    
   1.31667554     ; -0.716363728    
   1.31605768     ; -0.717491865    
   1.31543887     ; -0.718619466    
   1.31481910     ; -0.719746530    
   1.31419837     ; -0.720873058    
   1.31357670     ; -0.721999049    
   1.31295407     ; -0.723124504    
   1.31233037     ; -0.724249423    
   1.31170571     ; -0.725373805    
   1.31108010     ; -0.726497650    
   1.31045353     ; -0.727620959    
   1.30982602     ; -0.728743732    
   1.30919755     ; -0.729865968    
   1.30856812     ; -0.730987668    
   1.30793774     ; -0.732108831    
   1.30730641     ; -0.733229399    
   1.30667400     ; -0.734349430    
   1.30604064     ; -0.735468924    
   1.30540633     ; -0.736587882    
   1.30477107     ; -0.737706304    
   1.30413485     ; -0.738824189    
   1.30349767     ; -0.739941537    
   1.30285954     ; -0.741058290    
   1.30222046     ; -0.742174506    
   1.30158043     ; -0.743290186    
   1.30093944     ; -0.744405329    
   1.30029750     ; -0.745519876    
   1.29965460     ; -0.746633887    
   1.29901075     ; -0.747747362    
   1.29836595     ; -0.748860300    
   1.29772019     ; -0.749972641    
   1.29707348     ; -0.751084447    
   1.29642582     ; -0.752195716    
   1.29577708     ; -0.753306389    
   1.29512739     ; -0.754416525    
   1.29447675     ; -0.755526066    
   1.29382515     ; -0.756635070    
   1.29317260     ; -0.757743537    
   1.29251909     ; -0.758851409    
   1.29186463     ; -0.759958744    
   1.29120922     ; -0.761065483    
   1.29055285     ; -0.762171686    
   1.28989553     ; -0.763277292    
   1.28923726     ; -0.764382362    
   1.28857803     ; -0.765486836    
   1.28791797     ; -0.766590774    
   1.28725696     ; -0.767694116    
   1.28659499     ; -0.768796921    
   1.28593206     ; -0.769899130    
   1.28526819     ; -0.771000803    
   1.28460336     ; -0.772101879    
   1.28393757     ; -0.773202360    
   1.28327084     ; -0.774302304    
   1.28260314     ; -0.775401652    
   1.28193450     ; -0.776500463    
   1.28126490     ; -0.777598679    
   1.28059435     ; -0.778696299    
   1.27992284     ; -0.779793382    
   1.27925038     ; -0.780889869    
   1.27857697     ; -0.781985760    
   1.27790260     ; -0.783081055    
   1.27722728     ; -0.784175813    
   1.27655113     ; -0.785269976    
   1.27587402     ; -0.786363542    
   1.27519596     ; -0.787456512    
   1.27451694     ; -0.788548946    
   1.27383697     ; -0.789640784    
   1.27315605     ; -0.790732026    
   1.27247417     ; -0.791822672    
   1.27179134     ; -0.792912722    
   1.27110755     ; -0.794002175    
   1.27042294     ; -0.795091093    
   1.26973736     ; -0.796179414    
   1.26905084     ; -0.797267139    
   1.26836336     ; -0.798354268    
   1.26767492     ; -0.799440801    
   1.26698554     ; -0.800526738    
   1.26629519     ; -0.801612079    
   1.26560402     ; -0.802696824    
   1.26491189     ; -0.803780973    
   1.26421881     ; -0.804864526    
   1.26352477     ; -0.805947483    
   1.26282978     ; -0.807029843    
   1.26213384     ; -0.808111608    
   1.26143706     ; -0.809192777    
   1.26073933     ; -0.810273349    
   1.26004064     ; -0.811353326    
   1.25934100     ; -0.812432706    
   1.25864041     ; -0.813511491    
   1.25793898     ; -0.814589620    
   1.25723660     ; -0.815667152    
   1.25653327     ; -0.816744089    
   1.25582898     ; -0.817820430    
   1.25512385     ; -0.818896174    
   1.25441778     ; -0.819971323    
   1.25371075     ; -0.821045816    
   1.25300276     ; -0.822119713    
   1.25229394     ; -0.823193014    
   1.25158417     ; -0.824265718    
   1.25087345     ; -0.825337827    
   1.25016177     ; -0.826409280    
   1.24944925     ; -0.827480137    
   1.24873579     ; -0.828550398    
   1.24802136     ; -0.829620004    
   1.24730599     ; -0.830689013    
   1.24658978     ; -0.831757426    
   1.24587262     ; -0.832825184    
   1.24515450     ; -0.833892345    
   1.24443543     ; -0.834958911    
   1.24371552     ; -0.836024821    
   1.24299467     ; -0.837090135    
   1.24227285     ; -0.838154793    
   1.24155021     ; -0.839218855    
   1.24082661     ; -0.840282321    
   1.24010205     ; -0.841345131    
   1.23937666     ; -0.842407346    
   1.23865032     ; -0.843468904    
   1.23792303     ; -0.844529867    
   1.23719490     ; -0.845590174    
   1.23646581     ; -0.846649885    
   1.23573577     ; -0.847708941    
   1.23500490     ; -0.848767400    
   1.23427308     ; -0.849825203    
   1.23354030     ; -0.850882351    
   1.23280668     ; -0.851938903    
   1.23207211     ; -0.852994800    
   1.23133671     ; -0.854050100    
   1.23060036     ; -0.855104744    
   1.22986305     ; -0.856158733    
   1.22912490     ; -0.857212126    
   1.22838581     ; -0.858264863    
   1.22764575     ; -0.859316945    
   1.22690487     ; -0.860368431    
   1.22616303     ; -0.861419261    
   1.22542036     ; -0.862469435    
   1.22467673     ; -0.863519013    
   1.22393227     ; -0.864567935    
   1.22318685     ; -0.865616202    
   1.22244048     ; -0.866663814    
   1.22169328     ; -0.867710829    
   1.22094512     ; -0.868757188    
   1.22019613     ; -0.869802892    
   1.21944618     ; -0.870847940    
   1.21869540     ; -0.871892333    
   1.21794367     ; -0.872936070    
   1.21719110     ; -0.873979211    
   1.21643758     ; -0.875021696    
   1.21568310     ; -0.876063526    
   1.21492779     ; -0.877104700    
   1.21417153     ; -0.878145218    
   1.21341443     ; -0.879185081    
   1.21265638     ; -0.880224288    
   1.21189749     ; -0.881262839    
   1.21113765     ; -0.882300735    
   1.21037698     ; -0.883337975    
   1.20961535     ; -0.884374559    
   1.20885289     ; -0.885410488    
   1.20808947     ; -0.886445761    
   1.20732522     ; -0.887480378    
   1.20656002     ; -0.888514340    
   1.20579398     ; -0.889547646    
   1.20502710     ; -0.890580297    
   1.20425928     ; -0.891612291    
   1.20349061     ; -0.892643631    
   1.20272100     ; -0.893674314    
   1.20195055     ; -0.894704342    
   1.20117915     ; -0.895733714    
   1.20040691     ; -0.896762431    
   1.19963372     ; -0.897790432    
   1.19885969     ; -0.898817778    
   1.19808483     ; -0.899844468    
   1.19730902     ; -0.900870502    
   1.19653237     ; -0.901895881    
   1.19575477     ; -0.902920544    
   1.19497633     ; -0.903944552    
   1.19419706     ; -0.904967904    
   1.19341683     ; -0.905990601    
   1.19263577     ; -0.907012582    
   1.19185376     ; -0.908033907    
   1.19107091     ; -0.909054577    
   1.19028723     ; -0.910074592    
   1.18950260     ; -0.911093891    
   1.18871713     ; -0.912112534    
   1.18793082     ; -0.913130522    
   1.18714356     ; -0.914147794    
   1.18635547     ; -0.915164411    
   1.18556654     ; -0.916180313    
   1.18477666     ; -0.917195559    
   1.18398595     ; -0.918210149    
   1.18319440     ; -0.919224024    
   1.18240190     ; -0.920237243    
   1.18160856     ; -0.921249747    
   1.18081439     ; -0.922261596    
   1.18001926     ; -0.923272729    
   1.17922330     ; -0.924283206    
   1.17842650     ; -0.925292969    
   1.17762876     ; -0.926302075    
   1.17683017     ; -0.927310467    
   1.17603076     ; -0.928318202    
   1.17523050     ; -0.929325223    
   1.17442930     ; -0.930331588    
   1.17362726     ; -0.931337237    
   1.17282438     ; -0.932342231    
   1.17202067     ; -0.933346510    
   1.17121601     ; -0.934350073    
   1.17041051     ; -0.935352981    
   1.16960418     ; -0.936355174    
   1.16879702     ; -0.937356651    
   1.16798890     ; -0.938357472    
   1.16717994     ; -0.939357579    
   1.16637015     ; -0.940356970    
   1.16555953     ; -0.941355705    
   1.16474795     ; -0.942353725    
   1.16393554     ; -0.943351030    
   1.16312230     ; -0.944347680    
   1.16230822     ; -0.945343614    
   1.16149330     ; -0.946338832    
   1.16067743     ; -0.947333336    
   1.15986073     ; -0.948327184    
   1.15904319     ; -0.949320316    
   1.15822482     ; -0.950312734    
   1.15740561     ; -0.951304436    
   1.15658557     ; -0.952295423    
   1.15576458     ; -0.953285694    
   1.15494275     ; -0.954275310    
   1.15412009     ; -0.955264211    
   1.15329659     ; -0.956252396    
   1.15247226     ; -0.957239866    
   1.15164709     ; -0.958226621    
   1.15082109     ; -0.959212661    
   1.14999413     ; -0.960197985    
   1.14916635     ; -0.961182594    
   1.14833772     ; -0.962166488    
   1.14750826     ; -0.963149667    
   1.14667797     ; -0.964132130    
   1.14584684     ; -0.965113878    
   1.14501488     ; -0.966094911    
   1.14418209     ; -0.967075229    
   1.14334846     ; -0.968054831    
   1.14251399     ; -0.969033718    
   1.14167869     ; -0.970011890    
   1.14084244     ; -0.970989347    
   1.14000535     ; -0.971966088    
   1.13916743     ; -0.972942114    
   1.13832867     ; -0.973917425    
   1.13748908     ; -0.974892020    
   1.13664865     ; -0.975865901    
   1.13580739     ; -0.976839006    
   1.13496530     ; -0.977811396    
   1.13412237     ; -0.978783071    
   1.13327861     ; -0.979754031    
   1.13243401     ; -0.980724275    
   1.13158858     ; -0.981693804    
   1.13074231     ; -0.982662559    
   1.12989521     ; -0.983630598    
   1.12904727     ; -0.984597921    
   1.12819850     ; -0.985564530    
   1.12734890     ; -0.986530364    
   1.12649846     ; -0.987495482    
   1.12564719     ; -0.988459885    
   1.12479508     ; -0.989423573    
   1.12394214     ; -0.990386486    
   1.12308836     ; -0.991348684    
   1.12223375     ; -0.992310166    
   1.12137830     ; -0.993270874    
   1.12052202     ; -0.994230866    
   1.11966503     ; -0.995190144    
   1.11880720     ; -0.996148646    
   1.11794853     ; -0.997106433    
   1.11708903     ; -0.998063445    
   1.11622870     ; -0.999019742    
   1.11536753     ; -0.999975324    
   1.11450553     ;  -1.00093019    
   1.11364269     ;  -1.00188422    
   1.11277902     ;  -1.00283754    
   1.11191452     ;  -1.00379014    
   1.11104929     ;  -1.00474203    
   1.11018324     ;  -1.00569308    
   1.10931635     ;  -1.00664341    
   1.10844862     ;  -1.00759304    
   1.10758007     ;  -1.00854194    
   1.10671067     ;  -1.00949001    
   1.10584044     ;  -1.01043737    
   1.10496950     ;  -1.01138401    
   1.10409772     ;  -1.01232982    
   1.10322511     ;  -1.01327491    
   1.10235167     ;  -1.01421928    
   1.10147738     ;  -1.01516294    
   1.10060227     ;  -1.01610577    
   1.09972644     ;  -1.01704788    
   1.09884977     ;  -1.01798928    
   1.09797227     ;  -1.01892984    
   1.09709394     ;  -1.01986969    
   1.09621477     ;  -1.02080882    
   1.09533489     ;  -1.02174711    
   1.09445417     ;  -1.02268469    
   1.09357262     ;  -1.02362156    
   1.09269023     ;  -1.02455759    
   1.09180713     ;  -1.02549291    
   1.09092319     ;  -1.02642739    
   1.09003842     ;  -1.02736115    
   1.08915281     ;  -1.02829421    
   1.08826649     ;  -1.02922642    
   1.08737934     ;  -1.03015792    
   1.08649135     ;  -1.03108859    
   1.08560252     ;  -1.03201854    
   1.08471298     ;  -1.03294778    
   1.08382261     ;  -1.03387618    
   1.08293140     ;  -1.03480387    
   1.08203948     ;  -1.03573072    
   1.08114672     ;  -1.03665686    
   1.08025312     ;  -1.03758216    
   1.07935870     ;  -1.03850675    
   1.07846355     ;  -1.03943050    
   1.07756758     ;  -1.04035354    
   1.07667077     ;  -1.04127586    
   1.07577324     ;  -1.04219735    
   1.07487488     ;  -1.04311812    
   1.07397580     ;  -1.04403806    
   1.07307589     ;  -1.04495728    
   1.07217515     ;  -1.04587567    
   1.07127368     ;  -1.04679334    
   1.07037139     ;  -1.04771018    
   1.06946826     ;  -1.04862630    
   1.06856441     ;  -1.04954159    
   1.06765974     ;  -1.05045617    
   1.06675434     ;  -1.05136991    
   1.06584811     ;  -1.05228281    
   1.06494105     ;  -1.05319500    
   1.06403327     ;  -1.05410635    
   1.06312466     ;  -1.05501699    
   1.06221533     ;  -1.05592680    
   1.06130517     ;  -1.05683589    
   1.06039417     ;  -1.05774415    
   1.05948246     ;  -1.05865169    
   1.05856991     ;  -1.05955839    
   1.05765665     ;  -1.06046426    
   1.05674255     ;  -1.06136942    
   1.05582774     ;  -1.06227374    
   1.05491209     ;  -1.06317735    
   1.05399573     ;  -1.06408012    
   1.05307853     ;  -1.06498206    
   1.05216062     ;  -1.06588328    
   1.05124187     ;  -1.06678367    
   1.05032241     ;  -1.06768322    
   1.04940212     ;  -1.06858206    
   1.04848111     ;  -1.06948006    
   1.04755926     ;  -1.07037723    
   1.04663670     ;  -1.07127368    
   1.04571331     ;  -1.07216930    
   1.04478920     ;  -1.07306421    
   1.04386425     ;  -1.07395828    
   1.04293859     ;  -1.07485151    
   1.04201210     ;  -1.07574391    
   1.04108489     ;  -1.07663560    
   1.04015684     ;  -1.07752645    
   1.03922808     ;  -1.07841647    
   1.03829861     ;  -1.07930577    
   1.03736830     ;  -1.08019423    
   1.03643727     ;  -1.08108187    
   1.03550541     ;  -1.08196878    
   1.03457284     ;  -1.08285487    
   1.03363955     ;  -1.08374012    
   1.03270543     ;  -1.08462453    
   1.03177059     ;  -1.08550823    
   1.03083491     ;  -1.08639109    
   1.02989852     ;  -1.08727312    
   1.02896142     ;  -1.08815432    
   1.02802348     ;  -1.08903480    
   1.02708483     ;  -1.08991444    
   1.02614546     ;  -1.09079325    
   1.02520525     ;  -1.09167123    
   1.02426434     ;  -1.09254837    
   1.02332270     ;  -1.09342480    
   1.02238023     ;  -1.09430039    
   1.02143705     ;  -1.09517515    
   1.02049315     ;  -1.09604907    
   1.01954842     ;  -1.09692216    
   1.01860297     ;  -1.09779453    
   1.01765680     ;  -1.09866607    
   1.01670980     ;  -1.09953678    
   1.01576209     ;  -1.10040665    
   1.01481366     ;  -1.10127568    
   1.01386440     ;  -1.10214388    
   1.01291442     ;  -1.10301125    
   1.01196373     ;  -1.10387790    
   1.01101232     ;  -1.10474372    
   1.01006007     ;  -1.10560870    
   1.00910711     ;  -1.10647285    
   1.00815344     ;  -1.10733616    
   1.00719905     ;  -1.10819864    
   1.00624394     ;  -1.10906029    
   1.00528800     ;  -1.10992110    
   1.00433135     ;  -1.11078119    
   1.00337398     ;  -1.11164045    
   1.00241590     ;  -1.11249888    
   1.00145698     ;  -1.11335647    
   1.00049734     ;  -1.11421323    
  0.999536991     ;  -1.11506915    
  0.998575926     ;  -1.11592424    
  0.997614086     ;  -1.11677849    
  0.996651530     ;  -1.11763191    
  0.995688260     ;  -1.11848450    
  0.994724214     ;  -1.11933625    
  0.993759453     ;  -1.12018716    
  0.992793977     ;  -1.12103724    
  0.991827786     ;  -1.12188649    
  0.990860820     ;  -1.12273490    
  0.989893138     ;  -1.12358248    
  0.988924742     ;  -1.12442923    
  0.987955630     ;  -1.12527514    
  0.986985743     ;  -1.12612021    
  0.986015141     ;  -1.12696445    
  0.985043824     ;  -1.12780786    
  0.984071791     ;  -1.12865043    
  0.983099043     ;  -1.12949216    
  0.982125521     ;  -1.13033307    
  0.981151283     ;  -1.13117313    
  0.980176330     ;  -1.13201237    
  0.979200661     ;  -1.13285077    
  0.978224277     ;  -1.13368833    
  0.977247179     ;  -1.13452506    
  0.976269364     ;  -1.13536096    
  0.975290835     ;  -1.13619602    
  0.974311590     ;  -1.13703024    
  0.973331630     ;  -1.13786364    
  0.972350955     ;  -1.13869619    
  0.971369505     ;  -1.13952792    
  0.970387340     ;  -1.14035881    
  0.969404459     ;  -1.14118886    
  0.968420863     ;  -1.14201796    
  0.967436612     ;  -1.14284623    
  0.966451645     ;  -1.14367366    
  0.965465963     ;  -1.14450026    
  0.964479566     ;  -1.14532602    
  0.963492453     ;  -1.14615095    
  0.962504625     ;  -1.14697504    
  0.961516082     ;  -1.14779830    
  0.960526824     ;  -1.14862061    
  0.959536850     ;  -1.14944208    
  0.958546162     ;  -1.15026271    
  0.957554758     ;  -1.15108252    
  0.956562698     ;  -1.15190148    
  0.955569923     ;  -1.15271962    
  0.954576433     ;  -1.15353692    
  0.953582227     ;  -1.15435326    
  0.952587306     ;  -1.15516877    
  0.951591730     ;  -1.15598345    
  0.950595438     ;  -1.15679729    
  0.949598432     ;  -1.15761030    
  0.948600709     ;  -1.15842235    
  0.947602332     ;  -1.15923357    
  0.946603239     ;  -1.16004395    
  0.945603430     ;  -1.16085351    
  0.944602907     ;  -1.16166222    
  0.943601727     ;  -1.16246998    
  0.942599833     ;  -1.16327691    
  0.941597223     ;  -1.16408300    
  0.940593958     ;  -1.16488826    
  0.939589977     ;  -1.16569257    
  0.938585341     ;  -1.16649604    
  0.937579989     ;  -1.16729867    
  0.936573923     ;  -1.16810048    
  0.935567200     ;  -1.16890132    
  0.934559762     ;  -1.16970134    
  0.933551669     ;  -1.17050052    
  0.932542861     ;  -1.17129874    
  0.931533396     ;  -1.17209613    
  0.930523217     ;  -1.17289269    
  0.929512382     ;  -1.17368841    
  0.928500831     ;  -1.17448318    
  0.927488625     ;  -1.17527711    
  0.926475704     ;  -1.17607021    
  0.925462127     ;  -1.17686236    
  0.924447834     ;  -1.17765367    
  0.923432887     ;  -1.17844415    
  0.922417223     ;  -1.17923367    
  0.921400905     ;  -1.18002236    
  0.920383930     ;  -1.18081021    
  0.919366241     ;  -1.18159711    
  0.918347895     ;  -1.18238318    
  0.917328835     ;  -1.18316841    
  0.916309118     ;  -1.18395269    
  0.915288746     ;  -1.18473613    
  0.914267719     ;  -1.18551874    
  0.913245976     ;  -1.18630040    
  0.912223577     ;  -1.18708122    
  0.911200523     ;  -1.18786108    
  0.910176754     ;  -1.18864012    
  0.909152329     ;  -1.18941832    
  0.908127248     ;  -1.19019556    
  0.907101512     ;  -1.19097197    
  0.906075060     ;  -1.19174743    
  0.905047953     ;  -1.19252205    
  0.904020190     ;  -1.19329584    
  0.902991772     ;  -1.19406867    
  0.901962698     ;  -1.19484067    
  0.900932968     ;  -1.19561172    
  0.899902523     ;  -1.19638193    
  0.898871422     ;  -1.19715118    
  0.897839665     ;  -1.19791961    
  0.896807253     ;  -1.19868720    
  0.895774186     ;  -1.19945383    
  0.894740462     ;  -1.20021963    
  0.893706083     ;  -1.20098448    
  0.892671049     ;  -1.20174849    
  0.891635358     ;  -1.20251155    
  0.890599012     ;  -1.20327377    
  0.889562011     ;  -1.20403504    
  0.888524354     ;  -1.20479548    
  0.887486041     ;  -1.20555496    
  0.886447072     ;  -1.20631361    
  0.885407448     ;  -1.20707130    
  0.884367168     ;  -1.20782816    
  0.883326232     ;  -1.20858407    
  0.882284641     ;  -1.20933914    
  0.881242394     ;  -1.21009326    
  0.880199492     ;  -1.21084654    
  0.879155934     ;  -1.21159887    
  0.878111780     ;  -1.21235037    
  0.877066970     ;  -1.21310091    
  0.876021504     ;  -1.21385062    
  0.874975383     ;  -1.21459937    
  0.873928607     ;  -1.21534717    
  0.872881174     ;  -1.21609414    
  0.871833146     ;  -1.21684015    
  0.870784461     ;  -1.21758533    
  0.869735122     ;  -1.21832955    
  0.868685126     ;  -1.21907294    
  0.867634535     ;  -1.21981537    
  0.866583288     ;  -1.22055686    
  0.865531385     ;  -1.22129750    
  0.864478827     ;  -1.22203720    
  0.863425672     ;  -1.22277606    
  0.862371862     ;  -1.22351396    
  0.861317396     ;  -1.22425091    
  0.860262334     ;  -1.22498703    
  0.859206617     ;  -1.22572219    
  0.858150303     ;  -1.22645652    
  0.857093334     ;  -1.22718990    
  0.856035709     ;  -1.22792232    
  0.854977489     ;  -1.22865391    
  0.853918612     ;  -1.22938454    
  0.852859139     ;  -1.23011422    
  0.851799011     ;  -1.23084307    
  0.850738287     ;  -1.23157096    
  0.849676907     ;  -1.23229790    
  0.848614931     ;  -1.23302400    
  0.847552299     ;  -1.23374915    
  0.846489072     ;  -1.23447335    
  0.845425189     ;  -1.23519671    
  0.844360709     ;  -1.23591912    
  0.843295574     ;  -1.23664057    
  0.842229843     ;  -1.23736119    
  0.841163456     ;  -1.23808086    
  0.840096474     ;  -1.23879957    
  0.839028895     ;  -1.23951745    
  0.837960660     ;  -1.24023438    
  0.836891830     ;  -1.24095035    
  0.835822403     ;  -1.24166536    
  0.834752321     ;  -1.24237955    
  0.833681643     ;  -1.24309278    
  0.832610369     ;  -1.24380505    
  0.831538439     ;  -1.24451649    
  0.830465913     ;  -1.24522698    
  0.829392791     ;  -1.24593651    
  0.828319073     ;  -1.24664509    
  0.827244699     ;  -1.24735284    
  0.826169729     ;  -1.24805963    
  0.825094163     ;  -1.24876547    
  0.824018002     ;  -1.24947035    
  0.822941244     ;  -1.25017428    
  0.821863830     ;  -1.25087738    
  0.820785820     ;  -1.25157952    
  0.819707215     ;  -1.25228071    
  0.818628013     ;  -1.25298095    
  0.817548215     ;  -1.25368035    
  0.816467822     ;  -1.25437880    
  0.815386832     ;  -1.25507629    
  0.814305246     ;  -1.25577283    
  0.813223004     ;  -1.25646842    
  0.812140167     ;  -1.25716305    
  0.811056733     ;  -1.25785685    
  0.809972703     ;  -1.25854969    
  0.808888078     ;  -1.25924158    
  0.807802856     ;  -1.25993252    
  0.806717038     ;  -1.26062250    
  0.805630624     ;  -1.26131165    
  0.804543614     ;  -1.26199985    
  0.803456068     ;  -1.26268709    
  0.802367926     ;  -1.26337337    
  0.801279187     ;  -1.26405871    
  0.800189853     ;  -1.26474309    
  0.799099922     ;  -1.26542652    
  0.798009396     ;  -1.26610911    
  0.796918273     ;  -1.26679075    
  0.795826554     ;  -1.26747143    
  0.794734299     ;  -1.26815116    
  0.793641448     ;  -1.26882994    
  0.792548001     ;  -1.26950777    
  0.791453958     ;  -1.27018464    
  0.790359318     ;  -1.27086055    
  0.789264143     ;  -1.27153552    
  0.788168371     ;  -1.27220953    
  0.787072003     ;  -1.27288270    
  0.785975039     ;  -1.27355492    
  0.784877539     ;  -1.27422619    
  0.783779442     ;  -1.27489650    
  0.782680750     ;  -1.27556586    
  0.781581521     ;  -1.27623427    
  0.780481696     ;  -1.27690172    
  0.779381275     ;  -1.27756822    
  0.778280318     ;  -1.27823377    
  0.777178764     ;  -1.27889836    
  0.776076615     ;  -1.27956200    
  0.774973929     ;  -1.28022468    
  0.773870647     ;  -1.28088641    
  0.772766829     ;  -1.28154719    
  0.771662414     ;  -1.28220701    
  0.770557463     ;  -1.28286588    
  0.769451916     ;  -1.28352380    
  0.768345833     ;  -1.28418076    
  0.767239153     ;  -1.28483677    
  0.766131938     ;  -1.28549182    
  0.765024126     ;  -1.28614593    
  0.763915777     ;  -1.28679907    
  0.762806833     ;  -1.28745127    
  0.761697352     ;  -1.28810251    
  0.760587335     ;  -1.28875279    
  0.759476721     ;  -1.28940213    
  0.758365571     ;  -1.29005051    
  0.757253826     ;  -1.29069793    
  0.756141543     ;  -1.29134440    
  0.755028725     ;  -1.29198992    
  0.753915310     ;  -1.29263449    
  0.752801359     ;  -1.29327810    
  0.751686871     ;  -1.29392076    
  0.750571787     ;  -1.29456246    
  0.749456167     ;  -1.29520321    
  0.748340011     ;  -1.29584301    
  0.747223318     ;  -1.29648185    
  0.746106029     ;  -1.29711974    
  0.744988203     ;  -1.29775667    
  0.743869841     ;  -1.29839265    
  0.742750943     ;  -1.29902768    
  0.741631508     ;  -1.29966176    
  0.740511537     ;  -1.30029476    
  0.739390969     ;  -1.30092680    
  0.738269866     ;  -1.30155790    
  0.737148225     ;  -1.30218804    
  0.736026049     ;  -1.30281723    
  0.734903336     ;  -1.30344546    
  0.733780086     ;  -1.30407274    
  0.732656300     ;  -1.30469906    
  0.731531978     ;  -1.30532444    
  0.730407119     ;  -1.30594885    
  0.729281723     ;  -1.30657220    
  0.728155792     ;  -1.30719459    
  0.727029324     ;  -1.30781603    
  0.725902319     ;  -1.30843651    
  0.724774778     ;  -1.30905604    
  0.723646700     ;  -1.30967462    
  0.722518086     ;  -1.31029224    
  0.721388936     ;  -1.31090879    
  0.720259249     ;  -1.31152439    
  0.719129026     ;  -1.31213903    
  0.717998266     ;  -1.31275272    
  0.716866970     ;  -1.31336546    
  0.715735197     ;  -1.31397724    
  0.714602888     ;  -1.31458795    
  0.713470042     ;  -1.31519771    
  0.712336659     ;  -1.31580651    
  0.711202741     ;  -1.31641436    
  0.710068345     ;  -1.31702125    
  0.708933413     ;  -1.31762719    
  0.707797945     ;  -1.31823206    
  0.706661940     ;  -1.31883597    
  0.705525458     ;  -1.31943893    
  0.704388440     ;  -1.32004094    
  0.703250885     ;  -1.32064199    
  0.702112854     ;  -1.32124197    
  0.700974286     ;  -1.32184100    
  0.699835181     ;  -1.32243907    
  0.698695600     ;  -1.32303619    
  0.697555482     ;  -1.32363224    
  0.696414828     ;  -1.32422733    
  0.695273697     ;  -1.32482147    
  0.694132030     ;  -1.32541466    
  0.692989886     ;  -1.32600677    
  0.691847205     ;  -1.32659793    
  0.690703988     ;  -1.32718813    
  0.689560294     ;  -1.32777739    
  0.688416064     ;  -1.32836556    
  0.687271357     ;  -1.32895279    
  0.686126113     ;  -1.32953906    
  0.684980392     ;  -1.33012438    
  0.683834195     ;  -1.33070862    
  0.682687461     ;  -1.33129191    
  0.681540251     ;  -1.33187425    
  0.680392504     ;  -1.33245564    
  0.679244280     ;  -1.33303595    
  0.678095579     ;  -1.33361530    
  0.676946342     ;  -1.33419371    
  0.675796628     ;  -1.33477104    
  0.674646378     ;  -1.33534741    
  0.673495650     ;  -1.33592284    
  0.672344446     ;  -1.33649719    
  0.671192765     ;  -1.33707058    
  0.670040548     ;  -1.33764303    
  0.668887854     ;  -1.33821440    
  0.667734683     ;  -1.33878481    
  0.666580975     ;  -1.33935428    
  0.665426791     ;  -1.33992267    
  0.664272130     ;  -1.34049010    
  0.663116992     ;  -1.34105659    
  0.661961377     ;  -1.34162199    
  0.660805225     ;  -1.34218645    
  0.659648597     ;  -1.34274995    
  0.658491492     ;  -1.34331238    
  0.657333910     ;  -1.34387386    
  0.656175852     ;  -1.34443438    
  0.655017316     ;  -1.34499383    
  0.653858304     ;  -1.34555233    
  0.652698815     ;  -1.34610987    
  0.651538849     ;  -1.34666634    
  0.650378406     ;  -1.34722185    
  0.649217486     ;  -1.34777629    
  0.648056090     ;  -1.34832978    
  0.646894217     ;  -1.34888232    
  0.645731866     ;  -1.34943378    
  0.644569039     ;  -1.34998429    
  0.643405735     ;  -1.35053384    
  0.642241955     ;  -1.35108232    
  0.641077697     ;  -1.35162985    
  0.639912963     ;  -1.35217631    
  0.638747752     ;  -1.35272181    
  0.637582064     ;  -1.35326624    
  0.636415899     ;  -1.35380971    
  0.635249257     ;  -1.35435224    
  0.634082198     ;  -1.35489368    
  0.632914662     ;  -1.35543418    
  0.631746650     ;  -1.35597360    
  0.630578160     ;  -1.35651207    
  0.629409194     ;  -1.35704947    
  0.628239810     ;  -1.35758591    
  0.627069950     ;  -1.35812140    
  0.625899613     ;  -1.35865581    
  0.624728799     ;  -1.35918927    
  0.623557568     ;  -1.35972166    
  0.622385859     ;  -1.36025310    
  0.621213675     ;  -1.36078346    
  0.620041072     ;  -1.36131287    
  0.618867993     ;  -1.36184120    
  0.617694438     ;  -1.36236858    
  0.616520464     ;  -1.36289489    
  0.615346014     ;  -1.36342025    
  0.614171147     ;  -1.36394453    
  0.612995803     ;  -1.36446786    
  0.611820042     ;  -1.36499012    
  0.610643804     ;  -1.36551142    
  0.609467089     ;  -1.36603177    
  0.608289957     ;  -1.36655104    
  0.607112348     ;  -1.36706936    
  0.605934322     ;  -1.36758661    
  0.604755819     ;  -1.36810279    
  0.603576899     ;  -1.36861801    
  0.602397561     ;  -1.36913216    
  0.601217747     ;  -1.36964536    
  0.600037515     ;  -1.37015748    
  0.598856807     ;  -1.37066865    
  0.597675681     ;  -1.37117875    
  0.596494138     ;  -1.37168789    
  0.595312119     ;  -1.37219596    
  0.594129682     ;  -1.37270308    
  0.592946827     ;  -1.37320912    
  0.591763496     ;  -1.37371421    
  0.590579748     ;  -1.37421823    
  0.589395583     ;  -1.37472129    
  0.588210940     ;  -1.37522328    
  0.587025881     ;  -1.37572432    
  0.585840404     ;  -1.37622428    
  0.584654510     ;  -1.37672317    
  0.583468139     ;  -1.37722111    
  0.582281351     ;  -1.37771797    
  0.581094146     ;  -1.37821388    
  0.579906523     ;  -1.37870872    
  0.578718483     ;  -1.37920260    
  0.577530026     ;  -1.37969542    
  0.576341152     ;  -1.38018715    
  0.575151801     ;  -1.38067794    
  0.573962033     ;  -1.38116765    
  0.572771847     ;  -1.38165641    
  0.571581244     ;  -1.38214409    
  0.570390224     ;  -1.38263071    
  0.569198787     ;  -1.38311636    
  0.568006933     ;  -1.38360095    
  0.566814661     ;  -1.38408458    
  0.565621972     ;  -1.38456714    
  0.564428866     ;  -1.38504863    
  0.563235343     ;  -1.38552916    
  0.562041402     ;  -1.38600862    
  0.560847044     ;  -1.38648713    
  0.559652269     ;  -1.38696456    
  0.558457136     ;  -1.38744092    
  0.557261586     ;  -1.38791633    
  0.556065619     ;  -1.38839066    
  0.554869235     ;  -1.38886392    
  0.553672433     ;  -1.38933623    
  0.552475214     ;  -1.38980746    
  0.551277637     ;  -1.39027762    
  0.550079644     ;  -1.39074683    
  0.548881233     ;  -1.39121497    
  0.547682405     ;  -1.39168203    
  0.546483159     ;  -1.39214814    
  0.545283556     ;  -1.39261317    
  0.544083536     ;  -1.39307714    
  0.542883098     ;  -1.39354014    
  0.541682303     ;  -1.39400208    
  0.540481091     ;  -1.39446294    
  0.539279461     ;  -1.39492285    
  0.538077474     ;  -1.39538169    
  0.536875069     ;  -1.39583945    
  0.535672247     ;  -1.39629626    
  0.534469068     ;  -1.39675200    
  0.533265471     ;  -1.39720666    
  0.532061517     ;  -1.39766037    
  0.530857146     ;  -1.39811301    
  0.529652417     ;  -1.39856458    
  0.528447270     ;  -1.39901519    
  0.527241766     ;  -1.39946473    
  0.526035845     ;  -1.39991319    
  0.524829566     ;  -1.40036058    
  0.523622870     ;  -1.40080702    
  0.522415817     ;  -1.40125239    
  0.521208346     ;  -1.40169668    
  0.520000517     ;  -1.40214002    
  0.518792272     ;  -1.40258229    
  0.517583668     ;  -1.40302348    
  0.516374707     ;  -1.40346360    
  0.515165329     ;  -1.40390277    
  0.513955593     ;  -1.40434086    
  0.512745500     ;  -1.40477788    
  0.511534989     ;  -1.40521395    
  0.510324121     ;  -1.40564895    
  0.509112895     ;  -1.40608287    
  0.507901251     ;  -1.40651572    
  0.506689250     ;  -1.40694761    
  0.505476892     ;  -1.40737844    
  0.504264176     ;  -1.40780818    
  0.503051102     ;  -1.40823686    
  0.501837611     ;  -1.40866446    
  0.500623763     ;  -1.40909111    
  0.499409556     ;  -1.40951669    
  0.498194993     ;  -1.40994120    
  0.496980041     ;  -1.41036463    
  0.495764732     ;  -1.41078711    
  0.494549066     ;  -1.41120851    
  0.493333042     ;  -1.41162884    
  0.492116660     ;  -1.41204810    
  0.490899920     ;  -1.41246641    
  0.489682794     ;  -1.41288364    
  0.488465309     ;  -1.41329980    
  0.487247467     ;  -1.41371489    
  0.486029267     ;  -1.41412890    
  0.484810710     ;  -1.41454196    
  0.483591795     ;  -1.41495395    
  0.482372552     ;  -1.41536486    
  0.481152952     ;  -1.41577470    
  0.479932994     ;  -1.41618347    
  0.478712678     ;  -1.41659129    
  0.477492005     ;  -1.41699803    
  0.476271003     ;  -1.41740370    
  0.475049645     ;  -1.41780829    
  0.473827928     ;  -1.41821182    
  0.472605854     ;  -1.41861427    
  0.471383452     ;  -1.41901577    
  0.470160693     ;  -1.41941619    
  0.468937606     ;  -1.41981554    
  0.467714161     ;  -1.42021382    
  0.466490388     ;  -1.42061102    
  0.465266258     ;  -1.42100716    
  0.464041799     ;  -1.42140234    
  0.462816983     ;  -1.42179644    
  0.461591840     ;  -1.42218947    
  0.460366368     ;  -1.42258143    
  0.459140539     ;  -1.42297232    
  0.457914382     ;  -1.42336214    
  0.456687897     ;  -1.42375100    
  0.455461055     ;  -1.42413878    
  0.454233885     ;  -1.42452550    
  0.453006387     ;  -1.42491114    
  0.451778561     ;  -1.42529571    
  0.450550407     ;  -1.42567921    
  0.449321926     ;  -1.42606163    
  0.448093116     ;  -1.42644298    
  0.446863979     ;  -1.42682338    
  0.445634514     ;  -1.42720270    
  0.444404721     ;  -1.42758095    
  0.443174601     ;  -1.42795813    
  0.441944152     ;  -1.42833424    
  0.440713376     ;  -1.42870927    
  0.439482272     ;  -1.42908323    
  0.438250840     ;  -1.42945611    
  0.437019110     ;  -1.42982805    
  0.435787052     ;  -1.43019891    
  0.434554666     ;  -1.43056870    
  0.433321983     ;  -1.43093741    
  0.432088971     ;  -1.43130505    
  0.430855632     ;  -1.43167162    
  0.429621994     ;  -1.43203712    
  0.428388029     ;  -1.43240154    
  0.427153766     ;  -1.43276489    
  0.425919175     ;  -1.43312716    
  0.424684286     ;  -1.43348837    
  0.423449069     ;  -1.43384862    
  0.422213554     ;  -1.43420780    
  0.420977712     ;  -1.43456590    
  0.419741571     ;  -1.43492293    
  0.418505132     ;  -1.43527889    
  0.417268366     ;  -1.43563378    
  0.416031301     ;  -1.43598759    
  0.414793938     ;  -1.43634033    
  0.413556278     ;  -1.43669200    
  0.412318319     ;  -1.43704259    
  0.411080033     ;  -1.43739212    
  0.409841448     ;  -1.43774056    
  0.408602566     ;  -1.43808794    
  0.407363385     ;  -1.43843424    
  0.406123906     ;  -1.43877947    
  0.404884130     ;  -1.43912375    
  0.403644055     ;  -1.43946695    
  0.402403682     ;  -1.43980908    
  0.401163042     ;  -1.44015014    
  0.399922103     ;  -1.44049013    
  0.398680866     ;  -1.44082904    
  0.397439331     ;  -1.44116688    
  0.396197498     ;  -1.44150364    
  0.394955397     ;  -1.44183934    
  0.393712997     ;  -1.44217396    
  0.392470300     ;  -1.44250751    
  0.391227335     ;  -1.44283998    
  0.389984071     ;  -1.44317138    
  0.388740510     ;  -1.44350171    
  0.387496680     ;  -1.44383097    
  0.386252552     ;  -1.44415915    
  0.385008156     ;  -1.44448626    
  0.383763462     ;  -1.44481230    
  0.382518500     ;  -1.44513726    
  0.381273270     ;  -1.44546115    
  0.380027741     ;  -1.44578397    
  0.378781945     ;  -1.44610572    
  0.377535880     ;  -1.44642639    
  0.376289517     ;  -1.44674599    
  0.375042886     ;  -1.44706452    
  0.373795986     ;  -1.44738197    
  0.372548819     ;  -1.44769835    
  0.371301383     ;  -1.44801366    
  0.370053679     ;  -1.44832790    
  0.368805707     ;  -1.44864106    
  0.367557436     ;  -1.44895315    
  0.366308898     ;  -1.44926417    
  0.365060091     ;  -1.44957411    
  0.363811046     ;  -1.44988298    
  0.362561733     ;  -1.45019078    
  0.361312151     ;  -1.45049751    
  0.360062301     ;  -1.45080316    
  0.358812183     ;  -1.45110774    
  0.357561797     ;  -1.45141125    
  0.356311142     ;  -1.45171368    
  0.355060250     ;  -1.45201504    
  0.353809088     ;  -1.45231533    
  0.352557659     ;  -1.45261455    
  0.351305991     ;  -1.45291269    
  0.350054055     ;  -1.45320976    
  0.348801851     ;  -1.45350575    
  0.347549409     ;  -1.45380068    
  0.346296698     ;  -1.45409441    
  0.345043749     ;  -1.45438707    
  0.343790531     ;  -1.45467865    
  0.342537075     ;  -1.45496917    
  0.341283381     ;  -1.45525861    
  0.340029418     ;  -1.45554698    
  0.338775218     ;  -1.45583427    
  0.337520778     ;  -1.45612049    
  0.336266071     ;  -1.45640564    
  0.335011125     ;  -1.45668972    
  0.333755940     ;  -1.45697272    
  0.332500517     ;  -1.45725465    
  0.331244856     ;  -1.45753551    
  0.329988956     ;  -1.45781529    
  0.328732789     ;  -1.45809400    
  0.327476382     ;  -1.45837164    
  0.326219738     ;  -1.45864820    
  0.324962854     ;  -1.45892358    
  0.323705733     ;  -1.45919788    
  0.322448403     ;  -1.45947111    
  0.321190834     ;  -1.45974326    
  0.319933027     ;  -1.46001434    
  0.318674982     ;  -1.46028435    
  0.317416698     ;  -1.46055329    
  0.316158175     ;  -1.46082115    
  0.314899445     ;  -1.46108794    
  0.313640475     ;  -1.46135366    
  0.312381268     ;  -1.46161830    
  0.311121851     ;  -1.46188188    
  0.309862196     ;  -1.46214426    
  0.308602303     ;  -1.46240556    
  0.307342201     ;  -1.46266580    
  0.306081861     ;  -1.46292496    
  0.304821312     ;  -1.46318305    
  0.303560525     ;  -1.46344006    
  0.302299529     ;  -1.46369600    
  0.301038325     ;  -1.46395087    
  0.299776882     ;  -1.46420467    
  0.298515230     ;  -1.46445727    
  0.297253370     ;  -1.46470881    
  0.295991272     ;  -1.46495926    
  0.294728965     ;  -1.46520865    
  0.293466449     ;  -1.46545696    
  0.292203724     ;  -1.46570420    
  0.290940791     ;  -1.46595037    
  0.289677620     ;  -1.46619546    
  0.288414240     ;  -1.46643949    
  0.287150651     ;  -1.46668231    
  0.285886854     ;  -1.46692407    
  0.284622848     ;  -1.46716475    
  0.283358634     ;  -1.46740437    
  0.282094210     ;  -1.46764290    
  0.280829608     ;  -1.46788037    
  0.279564798     ;  -1.46811676    
  0.278299779     ;  -1.46835208    
  0.277034551     ;  -1.46858621    
  0.275769114     ;  -1.46881926    
  0.274503499     ;  -1.46905124    
  0.273237675     ;  -1.46928215    
  0.271971643     ;  -1.46951199    
  0.270705432     ;  -1.46974075    
  0.269439012     ;  -1.46996844    
  0.268172383     ;  -1.47019494    
  0.266905576     ;  -1.47042036    
  0.265638560     ;  -1.47064471    
  0.264371365     ;  -1.47086799    
  0.263103962     ;  -1.47109020    
  0.261836380     ;  -1.47131133    
  0.260568619     ;  -1.47153127    
  0.259300649     ;  -1.47175014    
  0.258032501     ;  -1.47196794    
  0.256764174     ;  -1.47218466    
  0.255495638     ;  -1.47240031    
  0.254226923     ;  -1.47261488    
  0.252958030     ;  -1.47282839    
  0.251688957     ;  -1.47304070    
  0.250419706     ;  -1.47325194    
  0.249150261     ;  -1.47346210    
  0.247880638     ;  -1.47367120    
  0.246610835     ;  -1.47387922    
  0.245340854     ;  -1.47408617    
  0.244070694     ;  -1.47429192    
  0.242800355     ;  -1.47449660    
  0.241529837     ;  -1.47470021    
  0.240259141     ;  -1.47490275    
  0.238988280     ;  -1.47510421    
  0.237717241     ;  -1.47530448    
  0.236446023     ;  -1.47550368    
  0.235174641     ;  -1.47570181    
  0.233903080     ;  -1.47589886    
  0.232631356     ;  -1.47609484    
  0.231359467     ;  -1.47628975    
  0.230087414     ;  -1.47648346    
  0.228815183     ;  -1.47667611    
  0.227542788     ;  -1.47686768    
  0.226270229     ;  -1.47705817    
  0.224997506     ;  -1.47724760    
  0.223724619     ;  -1.47743583    
  0.222451568     ;  -1.47762299    
  0.221178353     ;  -1.47780907    
  0.219904989     ;  -1.47799408    
  0.218631461     ;  -1.47817802    
  0.217357770     ;  -1.47836077    
  0.216083929     ;  -1.47854245    
  0.214809924     ;  -1.47872305    
  0.213535771     ;  -1.47890258    
  0.212261468     ;  -1.47908103    
  0.210987002     ;  -1.47925830    
  0.209712386     ;  -1.47943449    
  0.208437622     ;  -1.47960961    
  0.207162708     ;  -1.47978365    
  0.205887645     ;  -1.47995663    
  0.204612434     ;  -1.48012841    
  0.203337073     ;  -1.48029912    
  0.202061564     ;  -1.48046875    
  0.200785905     ;  -1.48063731    
  0.199510098     ;  -1.48080480    
  0.198234156     ;  -1.48097110    
  0.196958065     ;  -1.48113632    
  0.195681825     ;  -1.48130047    
  0.194405451     ;  -1.48146355    
  0.193128943     ;  -1.48162556    
  0.191852286     ;  -1.48178637    
  0.190575495     ;  -1.48194611    
  0.189298570     ;  -1.48210478    
  0.188021511     ;  -1.48226237    
  0.186744303     ;  -1.48241878    
  0.185466960     ;  -1.48257411    
  0.184189484     ;  -1.48272836    
  0.182911888     ;  -1.48288155    
  0.181634158     ;  -1.48303366    
  0.180356294     ;  -1.48318458    
  0.179078296     ;  -1.48333442    
  0.177800179     ;  -1.48348320    
  0.176521927     ;  -1.48363090    
  0.175243542     ;  -1.48377740    
  0.173965037     ;  -1.48392284    
  0.172686413     ;  -1.48406720    
  0.171407655     ;  -1.48421049    
  0.170128778     ;  -1.48435259    
  0.168849781     ;  -1.48449361    
  0.167570665     ;  -1.48463356    
  0.166291416     ;  -1.48477244    
  0.165012047     ;  -1.48491013    
  0.163732558     ;  -1.48504674    
  0.162452966     ;  -1.48518229    
  0.161173254     ;  -1.48531675    
  0.159893423     ;  -1.48545015    
  0.158613473     ;  -1.48558235    
  0.157333419     ;  -1.48571348    
  0.156053245     ;  -1.48584354    
  0.154772967     ;  -1.48597252    
  0.153492570     ;  -1.48610032    
  0.152212068     ;  -1.48622704    
  0.150931448     ;  -1.48635268    
  0.149650723     ;  -1.48647726    
  0.148369893     ;  -1.48660064    
  0.147088960     ;  -1.48672295    
  0.145807922     ;  -1.48684418    
  0.144526780     ;  -1.48696434    
  0.143245533     ;  -1.48708332    
  0.141964182     ;  -1.48720121    
  0.140682727     ;  -1.48731804    
  0.139401168     ;  -1.48743379    
  0.138119519     ;  -1.48754835    
  0.136837766     ;  -1.48766184    
  0.135555923     ;  -1.48777425    
  0.134273976     ;  -1.48788559    
  0.132991940     ;  -1.48799574    
  0.131709799     ;  -1.48810482    
  0.130427569     ;  -1.48821282    
  0.129145250     ;  -1.48831964    
  0.127862826     ;  -1.48842537    
  0.126580313     ;  -1.48853004    
  0.125297710     ;  -1.48863363    
  0.124015026     ;  -1.48873603    
  0.122732252     ;  -1.48883736    
  0.121449389     ;  -1.48893762    
  0.120166443     ;  -1.48903680    
  0.118883409     ;  -1.48913479    
  0.117600292     ;  -1.48923171    
  0.116317093     ;  -1.48932755    
  0.115033813     ;  -1.48942232    
  0.113750450     ;  -1.48951590    
  0.112467006     ;  -1.48960841    
  0.111183479     ;  -1.48969984    
  0.109899879     ;  -1.48979008    
  0.108616196     ;  -1.48987925    
  0.107332438     ;  -1.48996735    
  0.106048606     ;  -1.49005437    
  0.104764700     ;  -1.49014020    
  0.103480719     ;  -1.49022496    
  0.102196664     ;  -1.49030864    
  0.100912534     ;  -1.49039125    
   9.96283367E-02 ;  -1.49047267    
   9.83440652E-02 ;  -1.49055302    
   9.70597267E-02 ;  -1.49063230    
   9.57753211E-02 ;  -1.49071038    
   9.44908485E-02 ;  -1.49078739    
   9.32063088E-02 ;  -1.49086332    
   9.19217020E-02 ;  -1.49093819    
   9.06370282E-02 ;  -1.49101186    
   8.93522948E-02 ;  -1.49108446    
   8.80675018E-02 ;  -1.49115598    
   8.67826417E-02 ;  -1.49122643    
   8.54977220E-02 ;  -1.49129570    
   8.42127427E-02 ;  -1.49136388    
   8.29277039E-02 ;  -1.49143100    
   8.16426054E-02 ;  -1.49149692    
   8.03574547E-02 ;  -1.49156177    
   7.90722445E-02 ;  -1.49162555    
   7.77869821E-02 ;  -1.49168825    
   7.65016675E-02 ;  -1.49174976    
   7.52163008E-02 ;  -1.49181020    
   7.39308819E-02 ;  -1.49186957    
   7.26454109E-02 ;  -1.49192774    
   7.13598877E-02 ;  -1.49198484    
   7.00743124E-02 ;  -1.49204087    
   6.87886924E-02 ;  -1.49209583    
   6.75030276E-02 ;  -1.49214959    
   6.62173107E-02 ;  -1.49220228    
   6.49315491E-02 ;  -1.49225390    
   6.36457428E-02 ;  -1.49230433    
   6.23598956E-02 ;  -1.49235368    
   6.10740073E-02 ;  -1.49240196    
   5.97880781E-02 ;  -1.49244916    
   5.85021079E-02 ;  -1.49249518    
   5.72160967E-02 ;  -1.49254012    
   5.59300482E-02 ;  -1.49258399    
   5.46439588E-02 ;  -1.49262667    
   5.33578359E-02 ;  -1.49266827    
   5.20716757E-02 ;  -1.49270880    
   5.07854819E-02 ;  -1.49274826    
   4.94992547E-02 ;  -1.49278653    
   4.82129939E-02 ;  -1.49282372    
   4.69266996E-02 ;  -1.49285984    
   4.56403755E-02 ;  -1.49289477    
   4.43540215E-02 ;  -1.49292862    
   4.30676378E-02 ;  -1.49296141    
   4.17812243E-02 ;  -1.49299312    
   4.04947847E-02 ;  -1.49302363    
   3.92083190E-02 ;  -1.49305308    
   3.79218273E-02 ;  -1.49308145    
   3.66353132E-02 ;  -1.49310863    
   3.53487730E-02 ;  -1.49313474    
   3.40622105E-02 ;  -1.49315977    
   3.27756256E-02 ;  -1.49318373    
   3.14890221E-02 ;  -1.49320650    
   3.02023981E-02 ;  -1.49322820    
   2.89157555E-02 ;  -1.49324882    
   2.76290961E-02 ;  -1.49326825    
   2.63424199E-02 ;  -1.49328661    
   2.50557270E-02 ;  -1.49330389    
   2.37690192E-02 ;  -1.49331999    
   2.24822983E-02 ;  -1.49333501    
   2.11955644E-02 ;  -1.49334896    
   1.99088175E-02 ;  -1.49336183    
   1.86220594E-02 ;  -1.49337351    
   1.73352920E-02 ;  -1.49338412    
   1.60485152E-02 ;  -1.49339366    
   1.47617301E-02 ;  -1.49340200    
   1.34749385E-02 ;  -1.49340928    
   1.21881403E-02 ;  -1.49341547    
   1.09013366E-02 ;  -1.49342060    
   9.61452909E-03 ;  -1.49342453    
   8.32771789E-03 ;  -1.49342740    
   7.04090390E-03 ;  -1.49342918    
   5.75408852E-03 ;  -1.49342978    
   4.46727267E-03 ;  -1.49342930    
   3.18045705E-03 ;  -1.49342775    
   1.89364294E-03 ;  -1.49342513    
   6.06831105E-04 ;  -1.49342132    
  -6.79977413E-04 ;  -1.49341643    
  -1.96678541E-03 ;  -1.49341261    
  -3.25359148E-03 ;  -1.49340999    
  -4.54039453E-03 ;  -1.49340844    
  -5.82719361E-03 ;  -1.49340796    
  -7.11398711E-03 ;  -1.49340868    
  -8.40077363E-03 ;  -1.49341047    
  -9.68755316E-03 ;  -1.49341345    
  -1.09743234E-02 ;  -1.49341750    
  -1.22610833E-02 ;  -1.49342263    
  -1.35478321E-02 ;  -1.49342895    
  -1.48345679E-02 ;  -1.49343634    
  -1.61212906E-02 ;  -1.49344492    
  -1.74079966E-02 ;  -1.49345458    
  -1.86946876E-02 ;  -1.49346542    
  -1.99813601E-02 ;  -1.49347734    
  -2.12680139E-02 ;  -1.49349046    
  -2.25546472E-02 ;  -1.49350464    
  -2.38412600E-02 ;  -1.49352002    
  -2.51278505E-02 ;  -1.49353647    
  -2.64144167E-02 ;  -1.49355412    
  -2.77009588E-02 ;  -1.49357283    
  -2.89874747E-02 ;  -1.49359274    
  -3.02739628E-02 ;  -1.49361384    
  -3.15604210E-02 ;  -1.49363601    
  -3.28468494E-02 ;  -1.49365938    
  -3.41332480E-02 ;  -1.49368382    
  -3.54196131E-02 ;  -1.49370944    
  -3.67059447E-02 ;  -1.49373627    
  -3.79922427E-02 ;  -1.49376416    
  -3.92785035E-02 ;  -1.49379325    
  -4.05647270E-02 ;  -1.49382353    
  -4.18509133E-02 ;  -1.49385488    
  -4.31370586E-02 ;  -1.49388742    
  -4.44231629E-02 ;  -1.49392116    
  -4.57092226E-02 ;  -1.49395597    
  -4.69952412E-02 ;  -1.49399197    
  -4.82812114E-02 ;  -1.49402916    
  -4.95671369E-02 ;  -1.49406755    
  -5.08530140E-02 ;  -1.49410701    
  -5.21388426E-02 ;  -1.49414766    
  -5.34246191E-02 ;  -1.49418950    
  -5.47103472E-02 ;  -1.49423254    
  -5.59960194E-02 ;  -1.49427664    
  -5.72816394E-02 ;  -1.49432194    
  -5.85672036E-02 ;  -1.49436843    
  -5.98527119E-02 ;  -1.49441612    
  -6.11381605E-02 ;  -1.49446499    
  -6.24235496E-02 ;  -1.49451494    
  -6.37088791E-02 ;  -1.49456608    
  -6.49941415E-02 ;  -1.49461842    
  -6.62793443E-02 ;  -1.49467194    
  -6.75644800E-02 ;  -1.49472666    
  -6.88495487E-02 ;  -1.49478257    
  -7.01345503E-02 ;  -1.49483967    
  -7.14194849E-02 ;  -1.49489796    
  -7.27043524E-02 ;  -1.49495745    
  -7.39891455E-02 ;  -1.49501812    
  -7.52738640E-02 ;  -1.49507999    
  -7.65585080E-02 ;  -1.49514306    
  -7.78430775E-02 ;  -1.49520719    
  -7.91275725E-02 ;  -1.49527252    
  -8.04119855E-02 ;  -1.49533904    
  -8.16963241E-02 ;  -1.49540675    
  -8.29805806E-02 ;  -1.49547577    
  -8.42647552E-02 ;  -1.49554598    
  -8.55488405E-02 ;  -1.49561739    
  -8.68328437E-02 ;  -1.49568999    
  -8.81167576E-02 ;  -1.49576378    
  -8.94005895E-02 ;  -1.49583876    
  -9.06843320E-02 ;  -1.49591494    
  -9.19679776E-02 ;  -1.49599230    
  -9.32515338E-02 ;  -1.49607086    
  -9.45349932E-02 ;  -1.49615061    
  -9.58183631E-02 ;  -1.49623156    
  -9.71016362E-02 ;  -1.49631381    
  -9.83848125E-02 ;  -1.49639726    
  -9.96678844E-02 ;  -1.49648190    
 -0.100950859     ;  -1.49656773    
 -0.102233730     ;  -1.49665475    
 -0.103516497     ;  -1.49674308    
 -0.104799159     ;  -1.49683261    
 -0.106081717     ;  -1.49692333    
 -0.107364163     ;  -1.49701524    
 -0.108646505     ;  -1.49710846    
 -0.109928735     ;  -1.49720287    
 -0.111210853     ;  -1.49729848    
 -0.112492859     ;  -1.49739528    
 -0.113774747     ;  -1.49749339    
 -0.115056522     ;  -1.49759269    
 -0.116338179     ;  -1.49769318    
 -0.117619716     ;  -1.49779499    
 -0.118901134     ;  -1.49789798    
 -0.120182425     ;  -1.49800217    
 -0.121463597     ;  -1.49810767    
 -0.122744642     ;  -1.49821436    
 -0.124025561     ;  -1.49832237    
 -0.125306353     ;  -1.49843156    
 -0.126587018     ;  -1.49854195    
 -0.127867550     ;  -1.49865365    
 -0.129147947     ;  -1.49876654    
 -0.130428210     ;  -1.49888074    
 -0.131708339     ;  -1.49899614    
 -0.132988334     ;  -1.49911284    
 -0.134268180     ;  -1.49923074    
 -0.135547891     ;  -1.49934995    
 -0.136827454     ;  -1.49947035    
 -0.138106883     ;  -1.49959207    
 -0.139386162     ;  -1.49971509    
 -0.140665293     ;  -1.49983931    
 -0.141944274     ;  -1.49996483    
 -0.143223107     ;  -1.50009155    
 -0.144501790     ;  -1.50021958    
 -0.145780325     ;  -1.50034893    
 -0.147058696     ;  -1.50047946    
 -0.148336917     ;  -1.50061131    
 -0.149614975     ;  -1.50074434    
 -0.150892884     ;  -1.50087869    
 -0.152170628     ;  -1.50101435    
 -0.153448209     ;  -1.50115132    
 -0.154725626     ;  -1.50128949    
 -0.156002879     ;  -1.50142896    
 -0.157279968     ;  -1.50156975    
 -0.158556893     ;  -1.50171173    
 -0.159833640     ;  -1.50185502    
 -0.161110222     ;  -1.50199962    
 -0.162386626     ;  -1.50214553    
 -0.163662851     ;  -1.50229275    
 -0.164938912     ;  -1.50244117    
 -0.166214794     ;  -1.50259089    
 -0.167490497     ;  -1.50274193    
 -0.168766007     ;  -1.50289428    
 -0.170041338     ;  -1.50304794    
 -0.171316490     ;  -1.50320292    
 -0.172591448     ;  -1.50335920    
 -0.173866227     ;  -1.50351679    
 -0.175140813     ;  -1.50367570    
 -0.176415205     ;  -1.50383592    
 -0.177689403     ;  -1.50399733    
 -0.178963408     ;  -1.50416005    
 -0.180237219     ;  -1.50432408    
 -0.181510836     ;  -1.50448942    
 -0.182784244     ;  -1.50465608    
 -0.184057459     ;  -1.50482416    
 -0.185330465     ;  -1.50499356    
 -0.186603263     ;  -1.50516427    
 -0.187875867     ;  -1.50533628    
 -0.189148262     ;  -1.50550961    
 -0.190420449     ;  -1.50568426    
 -0.191692412     ;  -1.50586021    
 -0.192964166     ;  -1.50603747    
 -0.194235712     ;  -1.50621605    
 -0.195507035     ;  -1.50639594    
 -0.196778148     ;  -1.50657725    
 -0.198049039     ;  -1.50675988    
 -0.199319705     ;  -1.50694382    
 -0.200590149     ;  -1.50712907    
 -0.201860368     ;  -1.50731564    
 -0.203130364     ;  -1.50750363    
 -0.204400122     ;  -1.50769293    
 -0.205669656     ;  -1.50788355    
 -0.206938952     ;  -1.50807559    
 -0.208208010     ;  -1.50826895    
 -0.209476843     ;  -1.50846362    
 -0.210745439     ;  -1.50865972    
 -0.212013796     ;  -1.50885713    
 -0.213281900     ;  -1.50905585    
 -0.214549765     ;  -1.50925601    
 -0.215817392     ;  -1.50945747    
 -0.217084765     ;  -1.50966024    
 -0.218351886     ;  -1.50986445    
