   1.50000000     ;   0.00000000    
   1.49999893     ;  -1.28594332E-03
   1.49999678     ;  -2.57188571E-03
   1.49999344     ;  -3.85782612E-03
   1.49998903     ;  -5.14376396E-03
   1.49998355     ;  -6.42969785E-03
   1.49997699     ;  -7.71562709E-03
   1.49996924     ;  -9.00155026E-03
   1.49996042     ;  -1.02874674E-02
   1.49995053     ;  -1.15733771E-02
   1.49993956     ;  -1.28592774E-02
   1.49992740     ;  -1.41451685E-02
   1.49991417     ;  -1.54310493E-02
   1.49989986     ;  -1.67169198E-02
   1.49988449     ;  -1.80027764E-02
   1.49986792     ;  -1.92886200E-02
   1.49985027     ;  -2.05744505E-02
   1.49983156     ;  -2.18602661E-02
   1.49981177     ;  -2.31460650E-02
   1.49979079     ;  -2.44318470E-02
   1.49976873     ;  -2.57176105E-02
   1.49974561     ;  -2.70033553E-02
   1.49972141     ;  -2.82890797E-02
   1.49969602     ;  -2.95747835E-02
   1.49966955     ;  -3.08604669E-02
   1.49964201     ;  -3.21461260E-02
   1.49961340     ;  -3.34317610E-02
   1.49958360     ;  -3.47173735E-02
   1.49955273     ;  -3.60029601E-02
   1.49952078     ;  -3.72885205E-02
   1.49948776     ;  -3.85740511E-02
   1.49945354     ;  -3.98595557E-02
   1.49941826     ;  -4.11450304E-02
   1.49938190     ;  -4.24304754E-02
   1.49934447     ;  -4.37158905E-02
   1.49930584     ;  -4.50012721E-02
   1.49926615     ;  -4.62866202E-02
   1.49922538     ;  -4.75719348E-02
   1.49918354     ;  -4.88572121E-02
   1.49914050     ;  -5.01424558E-02
   1.49909639     ;  -5.14276624E-02
   1.49905121     ;  -5.27128316E-02
   1.49900496     ;  -5.39979599E-02
   1.49895751     ;  -5.52830510E-02
   1.49890900     ;  -5.65681010E-02
   1.49885941     ;  -5.78531101E-02
   1.49880874     ;  -5.91380745E-02
   1.49875700     ;  -6.04229979E-02
   1.49870408     ;  -6.17078766E-02
   1.49865007     ;  -6.29927069E-02
   1.49859500     ;  -6.42774925E-02
   1.49853885     ;  -6.55622333E-02
   1.49848151     ;  -6.68469220E-02
   1.49842310     ;  -6.81315660E-02
   1.49836361     ;  -6.94161579E-02
   1.49830306     ;  -7.07006976E-02
   1.49824131     ;  -7.19851851E-02
   1.49817848     ;  -7.32696205E-02
   1.49811459     ;  -7.45540038E-02
   1.49804962     ;  -7.58383274E-02
   1.49798346     ;  -7.71225989E-02
   1.49791622     ;  -7.84068108E-02
   1.49784791     ;  -7.96909705E-02
   1.49777853     ;  -8.09750706E-02
   1.49770796     ;  -8.22591111E-02
   1.49763632     ;  -8.35430920E-02
   1.49756360     ;  -8.48270059E-02
   1.49748981     ;  -8.61108601E-02
   1.49741495     ;  -8.73946548E-02
   1.49733889     ;  -8.86783823E-02
   1.49726176     ;  -8.99620429E-02
   1.49718356     ;  -9.12456363E-02
   1.49710429     ;  -9.25291628E-02
   1.49702382     ;  -9.38126221E-02
   1.49694228     ;  -9.50960144E-02
   1.49685967     ;  -9.63793397E-02
   1.49677598     ;  -9.76625904E-02
   1.49669111     ;  -9.89457667E-02
   1.49660516     ; -0.100228876    
   1.49651814     ; -0.101511911    
   1.49643004     ; -0.102794871    
   1.49634087     ; -0.104077756    
   1.49625051     ; -0.105360560    
   1.49615908     ; -0.106643289    
   1.49606657     ; -0.107925937    
   1.49597299     ; -0.109208509    
   1.49587822     ; -0.110491000    
   1.49578238     ; -0.111773409    
   1.49568546     ; -0.113055736    
   1.49558747     ; -0.114337981    
   1.49548841     ; -0.115620144    
   1.49538815     ; -0.116902217    
   1.49528682     ; -0.118184209    
   1.49518442     ; -0.119466111    
   1.49508095     ; -0.120747924    
   1.49497628     ; -0.122029647    
   1.49487054     ; -0.123311281    
   1.49476373     ; -0.124592826    
   1.49465585     ; -0.125874281    
   1.49454689     ; -0.127155647    
   1.49443674     ; -0.128436923    
   1.49432552     ; -0.129718095    
   1.49421322     ; -0.130999178    
   1.49409986     ; -0.132280156    
   1.49398541     ; -0.133561045    
   1.49386978     ; -0.134841830    
   1.49375308     ; -0.136122525    
   1.49363530     ; -0.137403116    
   1.49351645     ; -0.138683602    
   1.49339652     ; -0.139963984    
   1.49327540     ; -0.141244262    
   1.49315321     ; -0.142524436    
   1.49302995     ; -0.143804505    
   1.49290562     ; -0.145084471    
   1.49278009     ; -0.146364331    
   1.49265349     ; -0.147644088    
   1.49252582     ; -0.148923740    
   1.49239707     ; -0.150203273    
   1.49226725     ; -0.151482701    
   1.49213624     ; -0.152762011    
   1.49200416     ; -0.154041216    
   1.49187100     ; -0.155320302    
   1.49173677     ; -0.156599283    
   1.49160147     ; -0.157878146    
   1.49146497     ; -0.159156889    
   1.49132740     ; -0.160435513    
   1.49118876     ; -0.161714017    
   1.49104905     ; -0.162992403    
   1.49090827     ; -0.164270669    
   1.49076641     ; -0.165548816    
   1.49062335     ; -0.166826844    
   1.49047923     ; -0.168104753    
   1.49033403     ; -0.169382542    
   1.49018776     ; -0.170660198    
   1.49004042     ; -0.171937734    
   1.48989189     ; -0.173215136    
   1.48974228     ; -0.174492419    
   1.48959160     ; -0.175769567    
   1.48943985     ; -0.177046582    
   1.48928702     ; -0.178323478    
   1.48913300     ; -0.179600239    
   1.48897791     ; -0.180876866    
   1.48882174     ; -0.182153359    
   1.48866451     ; -0.183429718    
   1.48850620     ; -0.184705943    
   1.48834682     ; -0.185982034    
   1.48818624     ; -0.187257990    
   1.48802459     ; -0.188533813    
   1.48786187     ; -0.189809486    
   1.48769808     ; -0.191085026    
   1.48753321     ; -0.192360431    
   1.48736727     ; -0.193635687    
   1.48720014     ; -0.194910794    
   1.48703194     ; -0.196185768    
   1.48686266     ; -0.197460592    
   1.48669231     ; -0.198735267    
   1.48652089     ; -0.200009808    
   1.48634839     ; -0.201284200    
   1.48617470     ; -0.202558443    
   1.48599994     ; -0.203832537    
   1.48582411     ; -0.205106482    
   1.48564720     ; -0.206380278    
   1.48546922     ; -0.207653925    
   1.48529017     ; -0.208927408    
   1.48510993     ; -0.210200742    
   1.48492861     ; -0.211473927    
   1.48474622     ; -0.212746948    
   1.48456275     ; -0.214019820    
   1.48437822     ; -0.215292528    
   1.48419261     ; -0.216565087    
   1.48400581     ; -0.217837483    
   1.48381793     ; -0.219109714    
   1.48362899     ; -0.220381781    
   1.48343897     ; -0.221653685    
   1.48324788     ; -0.222925439    
   1.48305571     ; -0.224197030    
   1.48286247     ; -0.225468442    
   1.48266804     ; -0.226739690    
   1.48247254     ; -0.228010774    
   1.48227596     ; -0.229281694    
   1.48207831     ; -0.230552450    
   1.48187959     ; -0.231823027    
   1.48167980     ; -0.233093441    
   1.48147893     ; -0.234363675    
   1.48127699     ; -0.235633746    
   1.48107386     ; -0.236903638    
   1.48086965     ; -0.238173351    
   1.48066437     ; -0.239442900    
   1.48045802     ; -0.240712270    
   1.48025060     ; -0.241981462    
   1.48004210     ; -0.243250474    
   1.47983253     ; -0.244519308    
   1.47962177     ; -0.245787963    
   1.47940993     ; -0.247056440    
   1.47919703     ; -0.248324737    
   1.47898304     ; -0.249592841    
   1.47876799     ; -0.250860780    
   1.47855186     ; -0.252128512    
   1.47833467     ; -0.253396064    
   1.47811639     ; -0.254663438    
   1.47789705     ; -0.255930632    
   1.47767651     ; -0.257197618    
   1.47745490     ; -0.258464426    
   1.47723222     ; -0.259731054    
   1.47700846     ; -0.260997474    
   1.47678363     ; -0.262263715    
   1.47655773     ; -0.263529748    
   1.47633076     ; -0.264795601    
   1.47610271     ; -0.266061246    
   1.47587359     ; -0.267326713    
   1.47564328     ; -0.268591970    
   1.47541189     ; -0.269857049    
   1.47517943     ; -0.271121919    
   1.47494590     ; -0.272386581    
   1.47471130     ; -0.273651034    
   1.47447562     ; -0.274915308    
   1.47423887     ; -0.276179373    
   1.47400105     ; -0.277443230    
   1.47376215     ; -0.278706878    
   1.47352219     ; -0.279970318    
   1.47328115     ; -0.281233579    
   1.47303891     ; -0.282496631    
   1.47279561     ; -0.283759475    
   1.47255123     ; -0.285022110    
   1.47230577     ; -0.286284536    
   1.47205925     ; -0.287546754    
   1.47181165     ; -0.288808733    
   1.47156298     ; -0.290070504    
   1.47131324     ; -0.291332066    
   1.47106242     ; -0.292593420    
   1.47081053     ; -0.293854564    
   1.47055757     ; -0.295115501    
   1.47030354     ; -0.296376199    
   1.47004843     ; -0.297636688    
   1.46979225     ; -0.298896968    
   1.46953487     ; -0.300157011    
   1.46927643     ; -0.301416844    
   1.46901691     ; -0.302676439    
   1.46875632     ; -0.303935826    
   1.46849465     ; -0.305194974    
   1.46823192     ; -0.306453913    
   1.46796811     ; -0.307712615    
   1.46770322     ; -0.308971107    
   1.46743727     ; -0.310229361    
   1.46717024     ; -0.311487406    
   1.46690214     ; -0.312745214    
   1.46663296     ; -0.314002782    
   1.46636271     ; -0.315260112    
   1.46609139     ; -0.316517234    
   1.46581900     ; -0.317774117    
   1.46554554     ; -0.319030762    
   1.46527100     ; -0.320287168    
   1.46499538     ; -0.321543336    
   1.46471870     ; -0.322799265    
   1.46444094     ; -0.324054956    
   1.46416211     ; -0.325310409    
   1.46388221     ; -0.326565623    
   1.46360123     ; -0.327820599    
   1.46331906     ; -0.329075336    
   1.46303582     ; -0.330329835    
   1.46275151     ; -0.331584096    
   1.46246612     ; -0.332838118    
   1.46217966     ; -0.334091902    
   1.46189213     ; -0.335345417    
   1.46160352     ; -0.336598694    
   1.46131384     ; -0.337851733    
   1.46102309     ; -0.339104503    
   1.46073127     ; -0.340357035    
   1.46043837     ; -0.341609329    
   1.46014440     ; -0.342861354    
   1.45984936     ; -0.344113141    
   1.45955324     ; -0.345364660    
   1.45925605     ; -0.346615940    
   1.45895779     ; -0.347866952    
   1.45865846     ; -0.349117726    
   1.45835805     ; -0.350368232    
   1.45805657     ; -0.351618469    
   1.45775402     ; -0.352868468    
   1.45745039     ; -0.354118198    
   1.45714569     ; -0.355367661    
   1.45683992     ; -0.356616884    
   1.45653307     ; -0.357865840    
   1.45622516     ; -0.359114528    
   1.45591617     ; -0.360362947    
   1.45560610     ; -0.361611098    
   1.45529509     ; -0.362858981    
   1.45498300     ; -0.364106596    
   1.45466983     ; -0.365353942    
   1.45435560     ; -0.366601020    
   1.45404029     ; -0.367847830    
   1.45372391     ; -0.369094372    
   1.45340645     ; -0.370340645    
   1.45308793     ; -0.371586651    
   1.45276833     ; -0.372832388    
   1.45244765     ; -0.374077857    
   1.45212591     ; -0.375323027    
   1.45180309     ; -0.376567930    
   1.45147920     ; -0.377812564    
   1.45115423     ; -0.379056931    
   1.45082819     ; -0.380300999    
   1.45050108     ; -0.381544799    
   1.45017290     ; -0.382788301    
   1.44984365     ; -0.384031534    
   1.44951332     ; -0.385274470    
   1.44918191     ; -0.386517137    
   1.44884944     ; -0.387759507    
   1.44851589     ; -0.389001608    
   1.44818139     ; -0.390243411    
   1.44784582     ; -0.391484946    
   1.44750917     ; -0.392726183    
   1.44717145     ; -0.393967122    
   1.44683266     ; -0.395207793    
   1.44649279     ; -0.396448165    
   1.44615185     ; -0.397688240    
   1.44580984     ; -0.398928016    
   1.44546676     ; -0.400167495    
   1.44512260     ; -0.401406705    
   1.44477737     ; -0.402645618    
   1.44443107     ; -0.403884232    
   1.44408381     ; -0.405122548    
   1.44373548     ; -0.406360567    
   1.44338608     ; -0.407598287    
   1.44303560     ; -0.408835709    
   1.44268405     ; -0.410072833    
   1.44233143     ; -0.411309659    
   1.44197774     ; -0.412546158    
   1.44162297     ; -0.413782358    
   1.44126713     ; -0.415018260    
   1.44091022     ; -0.416253865    
   1.44055235     ; -0.417489171    
   1.44019341     ; -0.418724149    
   1.43983340     ; -0.419958830    
   1.43947232     ; -0.421193212    
   1.43911016     ; -0.422427267    
   1.43874693     ; -0.423661023    
   1.43838263     ; -0.424894452    
   1.43801725     ; -0.426127583    
   1.43765092     ; -0.427360386    
   1.43728352     ; -0.428592891    
   1.43691504     ; -0.429825068    
   1.43654549     ; -0.431056947    
   1.43617487     ; -0.432288498    
   1.43580317     ; -0.433519721    
   1.43543041     ; -0.434750646    
   1.43505669     ; -0.435981244    
   1.43468189     ; -0.437211514    
   1.43430603     ; -0.438441455    
   1.43392909     ; -0.439671099    
   1.43355107     ; -0.440900415    
   1.43317199     ; -0.442129403    
   1.43279195     ; -0.443358064    
   1.43241084     ; -0.444586396    
   1.43202865     ; -0.445814401    
   1.43164539     ; -0.447042078    
   1.43126106     ; -0.448269427    
   1.43087566     ; -0.449496448    
   1.43048930     ; -0.450723141    
   1.43010187     ; -0.451949507    
   1.42971337     ; -0.453175545    
   1.42932379     ; -0.454401225    
   1.42893314     ; -0.455626577    
   1.42854142     ; -0.456851602    
   1.42814875     ; -0.458076298    
   1.42775500     ; -0.459300637    
   1.42736018     ; -0.460524648    
   1.42696428     ; -0.461748332    
   1.42656732     ; -0.462971658    
   1.42616940     ; -0.464194655    
   1.42577040     ; -0.465417325    
   1.42537034     ; -0.466639638    
   1.42496920     ; -0.467861623    
   1.42456698     ; -0.469083250    
   1.42416382     ; -0.470304519    
   1.42375958     ; -0.471525460    
   1.42335427     ; -0.472746044    
   1.42294788     ; -0.473966300    
   1.42254055     ; -0.475186199    
   1.42213213     ; -0.476405740    
   1.42172265     ; -0.477624923    
   1.42131209     ; -0.478843778    
   1.42090058     ; -0.480062276    
   1.42048800     ; -0.481280416    
   1.42007434     ; -0.482498199    
   1.41965961     ; -0.483715624    
   1.41924381     ; -0.484932691    
   1.41882706     ; -0.486149400    
   1.41840923     ; -0.487365752    
   1.41799033     ; -0.488581747    
   1.41757035     ; -0.489797384    
   1.41714942     ; -0.491012663    
   1.41672742     ; -0.492227584    
   1.41630435     ; -0.493442148    
   1.41588032     ; -0.494656354    
   1.41545522     ; -0.495870203    
   1.41502905     ; -0.497083664    
   1.41460180     ; -0.498296767    
   1.41417360     ; -0.499509513    
   1.41374433     ; -0.500721872    
   1.41331398     ; -0.501933873    
   1.41288257     ; -0.503145516    
   1.41245019     ; -0.504356802    
   1.41201675     ; -0.505567670    
   1.41158223     ; -0.506778181    
   1.41114676     ; -0.507988334    
   1.41071022     ; -0.509198129    
   1.41027260     ; -0.510407507    
   1.40983403     ; -0.511616528    
   1.40939438     ; -0.512825191    
   1.40895367     ; -0.514033496    
   1.40851188     ; -0.515241385    
   1.40806913     ; -0.516448915    
   1.40762532     ; -0.517656028    
   1.40718043     ; -0.518862784    
   1.40673459     ; -0.520069182    
   1.40628767     ; -0.521275163    
   1.40583968     ; -0.522480786    
   1.40539074     ; -0.523685992    
   1.40494072     ; -0.524890840    
   1.40448964     ; -0.526095271    
   1.40403759     ; -0.527299345    
   1.40358448     ; -0.528503001    
   1.40313029     ; -0.529706299    
   1.40267515     ; -0.530909181    
   1.40221894     ; -0.532111704    
   1.40176165     ; -0.533313811    
   1.40130341     ; -0.534515560    
   1.40084410     ; -0.535716891    
   1.40038383     ; -0.536917865    
   1.39992249     ; -0.538118422    
   1.39946008     ; -0.539318562    
   1.39899671     ; -0.540518343    
   1.39853227     ; -0.541717708    
   1.39806676     ; -0.542916656    
   1.39760029     ; -0.544115245    
   1.39713275     ; -0.545313418    
   1.39666426     ; -0.546511173    
   1.39619470     ; -0.547708511    
   1.39572406     ; -0.548905492    
   1.39525247     ; -0.550102055    
   1.39477980     ; -0.551298201    
   1.39430618     ; -0.552493930    
   1.39383149     ; -0.553689301    
   1.39335573     ; -0.554884255    
   1.39287901     ; -0.556078792    
   1.39240122     ; -0.557272911    
   1.39192247     ; -0.558466613    
   1.39144266     ; -0.559659898    
   1.39096177     ; -0.560852766    
   1.39047992     ; -0.562045217    
   1.38999701     ; -0.563237309    
   1.38951313     ; -0.564428985    
   1.38902819     ; -0.565620244    
   1.38854229     ; -0.566811085    
   1.38805532     ; -0.568001509    
   1.38756728     ; -0.569191515    
   1.38707829     ; -0.570381105    
   1.38658822     ; -0.571570277    
   1.38609719     ; -0.572759032    
   1.38560510     ; -0.573947310    
   1.38511205     ; -0.575135171    
   1.38461792     ; -0.576322615    
   1.38412285     ; -0.577509642    
   1.38362670     ; -0.578696251    
   1.38312960     ; -0.579882443    
   1.38263142     ; -0.581068218    
   1.38213217     ; -0.582253575    
   1.38163197     ; -0.583438456    
   1.38113070     ; -0.584622920    
   1.38062847     ; -0.585806966    
   1.38012516     ; -0.586990595    
   1.37962091     ; -0.588173807    
   1.37911558     ; -0.589356542    
   1.37860930     ; -0.590538859    
   1.37810194     ; -0.591720760    
   1.37759364     ; -0.592902243    
   1.37708426     ; -0.594083250    
   1.37657392     ; -0.595263839    
   1.37606251     ; -0.596444011    
   1.37555015     ; -0.597623706    
   1.37503672     ; -0.598802984    
   1.37452233     ; -0.599981785    
   1.37400687     ; -0.601160169    
   1.37349045     ; -0.602338135    
   1.37297308     ; -0.603515625    
   1.37245464     ; -0.604692698    
   1.37193525     ; -0.605869293    
   1.37141478     ; -0.607045472    
   1.37089336     ; -0.608221173    
   1.37037086     ; -0.609396458    
   1.36984742     ; -0.610571265    
   1.36932290     ; -0.611745656    
   1.36879742     ; -0.612919569    
   1.36827087     ; -0.614093065    
   1.36774337     ; -0.615266085    
   1.36721492     ; -0.616438687    
   1.36668539     ; -0.617610812    
   1.36615491     ; -0.618782461    
   1.36562335     ; -0.619953692    
   1.36509085     ; -0.621124446    
   1.36455727     ; -0.622294724    
   1.36402273     ; -0.623464584    
   1.36348724     ; -0.624633968    
   1.36295068     ; -0.625802875    
   1.36241317     ; -0.626971364    
   1.36187458     ; -0.628139377    
   1.36133504     ; -0.629306912    
   1.36079454     ; -0.630473971    
   1.36025298     ; -0.631640613    
   1.35971045     ; -0.632806778    
   1.35916686     ; -0.633972466    
   1.35862231     ; -0.635137677    
   1.35807681     ; -0.636302412    
   1.35753024     ; -0.637466729    
   1.35698271     ; -0.638630569    
   1.35643423     ; -0.639793932    
   1.35588467     ; -0.640956819    
   1.35533416     ; -0.642119229    
   1.35478258     ; -0.643281162    
   1.35423005     ; -0.644442618    
   1.35367656     ; -0.645603597    
   1.35312200     ; -0.646764100    
   1.35256648     ; -0.647924125    
   1.35201001     ; -0.649083674    
   1.35145247     ; -0.650242746    
   1.35089397     ; -0.651401341    
   1.35033453     ; -0.652559459    
   1.34977400     ; -0.653717101    
   1.34921253     ; -0.654874265    
   1.34865010     ; -0.656030953    
   1.34808660     ; -0.657187164    
   1.34752214     ; -0.658342898    
   1.34695673     ; -0.659498155    
   1.34639025     ; -0.660652936    
   1.34582281     ; -0.661807179    
   1.34525442     ; -0.662960947    
   1.34468508     ; -0.664114237    
   1.34411466     ; -0.665267050    
   1.34354329     ; -0.666419387    
   1.34297097     ; -0.667571247    
   1.34239757     ; -0.668722570    
   1.34182322     ; -0.669873416    
   1.34124792     ; -0.671023786    
   1.34067166     ; -0.672173619    
   1.34009433     ; -0.673322976    
   1.33951604     ; -0.674471855    
   1.33893681     ; -0.675620258    
   1.33835661     ; -0.676768124    
   1.33777535     ; -0.677915514    
   1.33719313     ; -0.679062426    
   1.33660996     ; -0.680208802    
   1.33602583     ; -0.681354702    
   1.33544064     ; -0.682500064    
   1.33485448     ; -0.683644950    
   1.33426738     ; -0.684789360    
   1.33367932     ; -0.685933232    
   1.33309019     ; -0.687076628    
   1.33250010     ; -0.688219488    
   1.33190906     ; -0.689361870    
   1.33131707     ; -0.690503716    
   1.33072412     ; -0.691645086    
   1.33013010     ; -0.692785919    
   1.32953513     ; -0.693926275    
   1.32893920     ; -0.695066094    
   1.32834232     ; -0.696205378    
   1.32774448     ; -0.697344184    
   1.32714558     ; -0.698482454    
   1.32654572     ; -0.699620247    
   1.32594490     ; -0.700757504    
   1.32534313     ; -0.701894224    
   1.32474041     ; -0.703030467    
   1.32413661     ; -0.704166174    
   1.32353187     ; -0.705301344    
   1.32292616     ; -0.706436038    
   1.32231951     ; -0.707570195    
   1.32171190     ; -0.708703816    
   1.32110333     ; -0.709836960    
   1.32049382     ; -0.710969567    
   1.31988323     ; -0.712101638    
   1.31927168     ; -0.713233173    
   1.31865919     ; -0.714364171    
   1.31804574     ; -0.715494692    
   1.31743133     ; -0.716624677    
   1.31681597     ; -0.717754126    
   1.31619966     ; -0.718883038    
   1.31558228     ; -0.720011413    
   1.31496394     ; -0.721139252    
   1.31434464     ; -0.722266555    
   1.31372440     ; -0.723393381    
   1.31310320     ; -0.724519670    
   1.31248105     ; -0.725645423    
   1.31185794     ; -0.726770639    
   1.31123388     ; -0.727895319    
   1.31060886     ; -0.729019463    
   1.30998290     ; -0.730143070    
   1.30935585     ; -0.731266141    
   1.30872786     ; -0.732388675    
   1.30809891     ; -0.733510673    
   1.30746901     ; -0.734632134    
   1.30683815     ; -0.735753059    
   1.30620635     ; -0.736873448    
   1.30557358     ; -0.737993300    
   1.30493987     ; -0.739112556    
   1.30430520     ; -0.740231276    
   1.30366957     ; -0.741349459    
   1.30303299     ; -0.742467105    
   1.30239546     ; -0.743584216    
   1.30175698     ; -0.744700789    
   1.30111754     ; -0.745816827    
   1.30047715     ; -0.746932268    
   1.29983580     ; -0.748047173    
   1.29919350     ; -0.749161541    
   1.29855025     ; -0.750275373    
   1.29790604     ; -0.751388609    
   1.29726088     ; -0.752501309    
   1.29661477     ; -0.753613472    
   1.29596770     ; -0.754725099    
   1.29531968     ; -0.755836129    
   1.29467070     ; -0.756946623    
   1.29402077     ; -0.758056581    
   1.29336989     ; -0.759165943    
   1.29271805     ; -0.760274768    
   1.29206526     ; -0.761383057    
   1.29141152     ; -0.762490749    
   1.29075682     ; -0.763597906    
   1.29010117     ; -0.764704466    
   1.28944457     ; -0.765810490    
   1.28878701     ; -0.766915917    
   1.28812850     ; -0.768020809    
   1.28746903     ; -0.769125164    
   1.28680861     ; -0.770228922    
   1.28614724     ; -0.771332145    
   1.28548491     ; -0.772434771    
   1.28482163     ; -0.773536861    
   1.28415740     ; -0.774638355    
   1.28349233     ; -0.775739253    
   1.28282630     ; -0.776839614    
   1.28215933     ; -0.777939379    
   1.28149140     ; -0.779038608    
   1.28082252     ; -0.780137241    
   1.28015268     ; -0.781235278    
   1.27948189     ; -0.782332778    
   1.27881014     ; -0.783429682    
   1.27813745     ; -0.784526050    
   1.27746379     ; -0.785621822    
   1.27678931     ; -0.786716998    
   1.27611387     ; -0.787811577    
   1.27543747     ; -0.788905621    
   1.27476013     ; -0.789999068    
   1.27408183     ; -0.791091919    
   1.27340257     ; -0.792184234    
   1.27272236     ; -0.793275952    
   1.27204132     ; -0.794367075    
   1.27135932     ; -0.795457602    
   1.27067637     ; -0.796547532    
   1.26999247     ; -0.797636926    
   1.26930761     ; -0.798725724    
   1.26862180     ; -0.799813926    
   1.26793516     ; -0.800901532    
   1.26724756     ; -0.801988542    
   1.26655900     ; -0.803074956    
   1.26586950     ; -0.804160774    
   1.26517904     ; -0.805245996    
   1.26448762     ; -0.806330681    
   1.26379538     ; -0.807414770    
   1.26310217     ; -0.808498263    
   1.26240802     ; -0.809581161    
   1.26171291     ; -0.810663462    
   1.26101685     ; -0.811745167    
   1.26031995     ; -0.812826276    
   1.25962210     ; -0.813906789    
   1.25892329     ; -0.814986706    
   1.25822353     ; -0.816066027    
   1.25752294     ; -0.817144692    
   1.25682139     ; -0.818222761    
   1.25611889     ; -0.819300234    
   1.25541544     ; -0.820377111    
   1.25471115     ; -0.821453393    
   1.25400591     ; -0.822529078    
   1.25329971     ; -0.823604167    
   1.25259256     ; -0.824678659    
   1.25188458     ; -0.825752556    
   1.25117564     ; -0.826825798    
   1.25046575     ; -0.827898443    
   1.24975502     ; -0.828970492    
   1.24904335     ; -0.830041945    
   1.24833071     ; -0.831112742    
   1.24761713     ; -0.832182944    
   1.24690270     ; -0.833252549    
   1.24618733     ; -0.834321558    
   1.24547100     ; -0.835389912    
   1.24475384     ; -0.836457670    
   1.24403572     ; -0.837524831    
   1.24331665     ; -0.838591337    
   1.24259675     ; -0.839657247    
   1.24187589     ; -0.840722561    
   1.24115407     ; -0.841787219    
   1.24043143     ; -0.842851281    
   1.23970783     ; -0.843914747    
   1.23898327     ; -0.844977558    
   1.23825788     ; -0.846039772    
   1.23753154     ; -0.847101331    
   1.23680425     ; -0.848162293    
   1.23607612     ; -0.849222600    
   1.23534703     ; -0.850282311    
   1.23461711     ; -0.851341367    
   1.23388624     ; -0.852399826    
   1.23315442     ; -0.853457630    
   1.23242176     ; -0.854514837    
   1.23168814     ; -0.855571389    
   1.23095369     ; -0.856627345    
   1.23021829     ; -0.857682645    
   1.22948194     ; -0.858737350    
   1.22874475     ; -0.859791398    
   1.22800660     ; -0.860844851    
   1.22726762     ; -0.861897647    
   1.22652769     ; -0.862949789    
   1.22578692     ; -0.864001334    
   1.22504520     ; -0.865052223    
   1.22430253     ; -0.866102457    
   1.22355902     ; -0.867152095    
   1.22281456     ; -0.868201077    
   1.22206926     ; -0.869249403    
   1.22132301     ; -0.870297134    
   1.22057593     ; -0.871344209    
   1.21982789     ; -0.872390628    
   1.21907902     ; -0.873436391    
   1.21832919     ; -0.874481559    
   1.21757853     ; -0.875526071    
   1.21682692     ; -0.876569927    
   1.21607447     ; -0.877613127    
   1.21532106     ; -0.878655672    
   1.21456683     ; -0.879697561    
   1.21381164     ; -0.880738854    
   1.21305561     ; -0.881779492    
   1.21229863     ; -0.882819474    
   1.21154082     ; -0.883858800    
   1.21078205     ; -0.884897470    
   1.21002245     ; -0.885935485    
   1.20926189     ; -0.886972845    
   1.20850050     ; -0.888009548    
   1.20773816     ; -0.889045596    
   1.20697498     ; -0.890080988    
   1.20621085     ; -0.891115725    
   1.20544589     ; -0.892149806    
   1.20468009     ; -0.893183231    
   1.20391333     ; -0.894216001    
   1.20314574     ; -0.895248115    
   1.20237720     ; -0.896279573    
   1.20160782     ; -0.897310376    
   1.20083749     ; -0.898340523    
   1.20006633     ; -0.899370015    
   1.19929433     ; -0.900398850    
   1.19852138     ; -0.901427031    
   1.19774759     ; -0.902454555    
   1.19697285     ; -0.903481424    
   1.19619727     ; -0.904507637    
   1.19542086     ; -0.905533135    
   1.19464350     ; -0.906557977    
   1.19386530     ; -0.907582164    
   1.19308627     ; -0.908605695    
   1.19230628     ; -0.909628570    
   1.19152546     ; -0.910650790    
   1.19074380     ; -0.911672294    
   1.18996119     ; -0.912693143    
   1.18917775     ; -0.913713336    
   1.18839335     ; -0.914732873    
   1.18760812     ; -0.915751696    
   1.18682206     ; -0.916769862    
   1.18603516     ; -0.917787373    
   1.18524730     ; -0.918804169    
   1.18445861     ; -0.919820309    
   1.18366909     ; -0.920835793    
   1.18287861     ; -0.921850562    
   1.18208730     ; -0.922864676    
   1.18129516     ; -0.923878133    
   1.18050206     ; -0.924890876    
   1.17970812     ; -0.925902963    
   1.17891335     ; -0.926914334    
   1.17811775     ; -0.927925050    
   1.17732120     ; -0.928935051    
   1.17652380     ; -0.929944396    
   1.17572558     ; -0.930953085    
   1.17492652     ; -0.931961060    
   1.17412651     ; -0.932968378    
   1.17332566     ; -0.933974981    
   1.17252398     ; -0.934980929    
   1.17172146     ; -0.935986161    
   1.17091799     ; -0.936990678    
   1.17011368     ; -0.937994540    
   1.16930854     ; -0.938997686    
   1.16850257     ; -0.940000176    
   1.16769564     ; -0.941001952    
   1.16688788     ; -0.942003071    
   1.16607928     ; -0.943003476    
   1.16526985     ; -0.944003165    
   1.16445959     ; -0.945002198    
   1.16364849     ; -0.946000516    
   1.16283643     ; -0.946998119    
   1.16202354     ; -0.947995067    
   1.16120982     ; -0.948991299    
   1.16039526     ; -0.949986815    
   1.15957987     ; -0.950981677    
   1.15876365     ; -0.951975822    
   1.15794647     ; -0.952969253    
   1.15712845     ; -0.953961968    
   1.15630960     ; -0.954954028    
   1.15548992     ; -0.955945373    
   1.15466940     ; -0.956936002    
   1.15384805     ; -0.957925916    
   1.15302587     ; -0.958915114    
   1.15220273     ; -0.959903657    
   1.15137875     ; -0.960891485    
   1.15055394     ; -0.961878598    
   1.14972830     ; -0.962864995    
   1.14890182     ; -0.963850677    
   1.14807451     ; -0.964835644    
   1.14724636     ; -0.965819895    
   1.14641738     ; -0.966803432    
   1.14558756     ; -0.967786312    
   1.14475691     ; -0.968768477    
   1.14392543     ; -0.969749928    
   1.14309311     ; -0.970730662    
   1.14225984     ; -0.971710682    
   1.14142573     ; -0.972689986    
   1.14059079     ; -0.973668575    
   1.13975501     ; -0.974646449    
   1.13891840     ; -0.975623608    
   1.13808095     ; -0.976600051    
   1.13724267     ; -0.977575779    
   1.13640356     ; -0.978550792    
   1.13556361     ; -0.979525089    
   1.13472283     ; -0.980498612    
   1.13388121     ; -0.981471419    
   1.13303876     ; -0.982443511    
   1.13219547     ; -0.983414888    
   1.13135135     ; -0.984385550    
   1.13050640     ; -0.985355496    
   1.12966061     ; -0.986324728    
   1.12881398     ; -0.987293243    
   1.12796652     ; -0.988260984    
   1.12711823     ; -0.989228010    
   1.12626910     ; -0.990194321    
   1.12541926     ; -0.991159916    
   1.12456858     ; -0.992124796    
   1.12371707     ; -0.993088901    
   1.12286472     ; -0.994052291    
   1.12201154     ; -0.995014966    
   1.12115753     ; -0.995976925    
   1.12030268     ; -0.996938109    
   1.11944699     ; -0.997898579    
   1.11859047     ; -0.998858333    
   1.11773312     ; -0.999817312    
   1.11687493     ;  -1.00077558    
   1.11601591     ;  -1.00173306    
   1.11515617     ;  -1.00268984    
   1.11429560     ;  -1.00364590    
   1.11343420     ;  -1.00460124    
   1.11257195     ;  -1.00555587    
   1.11170888     ;  -1.00650966    
   1.11084497     ;  -1.00746274    
   1.10998023     ;  -1.00841510    
   1.10911477     ;  -1.00936675    
   1.10824847     ;  -1.01031768    
   1.10738134     ;  -1.01126778    
   1.10651338     ;  -1.01221716    
   1.10564458     ;  -1.01316583    
   1.10477495     ;  -1.01411378    
   1.10390460     ;  -1.01506090    
   1.10303342     ;  -1.01600730    
   1.10216141     ;  -1.01695299    
   1.10128856     ;  -1.01789796    
   1.10041487     ;  -1.01884210    
   1.09954047     ;  -1.01978552    
   1.09866524     ;  -1.02072823    
   1.09778917     ;  -1.02167010    
   1.09691226     ;  -1.02261126    
   1.09603453     ;  -1.02355170    
   1.09515607     ;  -1.02449131    
   1.09427679     ;  -1.02543020    
   1.09339666     ;  -1.02636838    
   1.09251571     ;  -1.02730584    
   1.09163404     ;  -1.02824247    
   1.09075153     ;  -1.02917838    
   1.08986819     ;  -1.03011358    
   1.08898401     ;  -1.03104794    
   1.08809912     ;  -1.03198159    
   1.08721340     ;  -1.03291440    
   1.08632684     ;  -1.03384650    
   1.08543956     ;  -1.03477788    
   1.08455145     ;  -1.03570843    
   1.08366251     ;  -1.03663826    
   1.08277285     ;  -1.03756738    
   1.08188236     ;  -1.03849566    
   1.08099103     ;  -1.03942323    
   1.08009899     ;  -1.04034996    
   1.07920611     ;  -1.04127598    
   1.07831240     ;  -1.04220116    
   1.07741797     ;  -1.04312563    
   1.07652271     ;  -1.04404938    
   1.07562661     ;  -1.04497230    
   1.07472980     ;  -1.04589450    
   1.07383215     ;  -1.04681587    
   1.07293367     ;  -1.04773653    
   1.07203448     ;  -1.04865634    
   1.07113445     ;  -1.04957545    
   1.07023370     ;  -1.05049372    
   1.06933212     ;  -1.05141127    
   1.06842971     ;  -1.05232799    
   1.06752658     ;  -1.05324399    
   1.06662261     ;  -1.05415916    
   1.06571794     ;  -1.05507362    
   1.06481242     ;  -1.05598724    
   1.06390607     ;  -1.05690014    
   1.06299901     ;  -1.05781221    
   1.06209111     ;  -1.05872357    
   1.06118250     ;  -1.05963409    
   1.06027305     ;  -1.06054389    
   1.05936289     ;  -1.06145287    
   1.05845189     ;  -1.06236112    
   1.05754018     ;  -1.06326854    
   1.05662763     ;  -1.06417525    
   1.05571437     ;  -1.06508112    
   1.05480027     ;  -1.06598628    
   1.05388546     ;  -1.06689060    
   1.05296981     ;  -1.06779408    
   1.05205345     ;  -1.06869686    
   1.05113626     ;  -1.06959879    
   1.05021834     ;  -1.07050002    
   1.04929960     ;  -1.07140040    
   1.04838014     ;  -1.07229996    
   1.04745984     ;  -1.07319880    
   1.04653883     ;  -1.07409680    
   1.04561698     ;  -1.07499409    
   1.04469442     ;  -1.07589054    
   1.04377103     ;  -1.07678616    
   1.04284692     ;  -1.07768106    
   1.04192197     ;  -1.07857513    
   1.04099631     ;  -1.07946837    
   1.04006994     ;  -1.08036089    
   1.03914273     ;  -1.08125257    
   1.03821480     ;  -1.08214343    
   1.03728604     ;  -1.08303356    
   1.03635657     ;  -1.08392286    
   1.03542638     ;  -1.08481133    
   1.03449535     ;  -1.08569908    
   1.03356361     ;  -1.08658600    
   1.03263104     ;  -1.08747208    
   1.03169775     ;  -1.08835745    
   1.03076375     ;  -1.08924198    
   1.02982891     ;  -1.09012568    
   1.02889335     ;  -1.09100854    
   1.02795708     ;  -1.09189069    
   1.02701998     ;  -1.09277201    
   1.02608216     ;  -1.09365249    
   1.02514362     ;  -1.09453213    
   1.02420425     ;  -1.09541106    
   1.02326417     ;  -1.09628916    
   1.02232337     ;  -1.09716642    
   1.02138174     ;  -1.09804285    
   1.02043939     ;  -1.09891856    
   1.01949632     ;  -1.09979343    
   1.01855242     ;  -1.10066748    
   1.01760781     ;  -1.10154068    
   1.01666248     ;  -1.10241318    
   1.01571643     ;  -1.10328484    
   1.01476955     ;  -1.10415566    
   1.01382196     ;  -1.10502565    
   1.01287365     ;  -1.10589480    
   1.01192462     ;  -1.10676312    
   1.01097476     ;  -1.10763073    
   1.01002419     ;  -1.10849750    
   1.00907290     ;  -1.10936344    
   1.00812089     ;  -1.11022854    
   1.00716805     ;  -1.11109281    
   1.00621450     ;  -1.11195624    
   1.00526023     ;  -1.11281896    
   1.00430524     ;  -1.11368084    
   1.00334954     ;  -1.11454189    
   1.00239301     ;  -1.11540210    
   1.00143576     ;  -1.11626148    
   1.00047779     ;  -1.11712003    
  0.999519110     ;  -1.11797774    
  0.998559654     ;  -1.11883461    
  0.997599483     ;  -1.11969078    
  0.996638596     ;  -1.12054610    
  0.995676935     ;  -1.12140059    
  0.994714558     ;  -1.12225425    
  0.993751466     ;  -1.12310708    
  0.992787659     ;  -1.12395906    
  0.991823077     ;  -1.12481022    
  0.990857780     ;  -1.12566054    
  0.989891768     ;  -1.12651002    
  0.988925040     ;  -1.12735868    
  0.987957537     ;  -1.12820649    
  0.986989319     ;  -1.12905347    
  0.986020386     ;  -1.12989962    
  0.985050738     ;  -1.13074493    
  0.984080374     ;  -1.13158941    
  0.983109295     ;  -1.13243306    
  0.982137442     ;  -1.13327587    
  0.981164873     ;  -1.13411784    
  0.980191588     ;  -1.13495898    
  0.979217589     ;  -1.13579929    
  0.978242874     ;  -1.13663876    
  0.977267444     ;  -1.13747740    
  0.976291299     ;  -1.13831520    
  0.975314438     ;  -1.13915217    
  0.974336863     ;  -1.13998830    
  0.973358572     ;  -1.14082360    
  0.972379565     ;  -1.14165807    
  0.971399844     ;  -1.14249170    
  0.970419407     ;  -1.14332449    
  0.969438255     ;  -1.14415646    
  0.968456388     ;  -1.14498758    
  0.967473805     ;  -1.14581788    
  0.966490507     ;  -1.14664733    
  0.965506494     ;  -1.14747596    
  0.964521766     ;  -1.14830375    
  0.963536322     ;  -1.14913070    
  0.962550163     ;  -1.14995682    
  0.961563289     ;  -1.15078211    
  0.960575759     ;  -1.15160656    
  0.959587514     ;  -1.15243006    
  0.958598554     ;  -1.15325272    
  0.957608879     ;  -1.15407455    
  0.956618488     ;  -1.15489554    
  0.955627382     ;  -1.15571570    
  0.954635620     ;  -1.15653503    
  0.953643143     ;  -1.15735352    
  0.952649951     ;  -1.15817118    
  0.951656044     ;  -1.15898788    
  0.950661480     ;  -1.15980375    
  0.949666202     ;  -1.16061878    
  0.948670208     ;  -1.16143298    
  0.947673500     ;  -1.16224635    
  0.946676135     ;  -1.16305888    
  0.945678055     ;  -1.16387045    
  0.944679260     ;  -1.16468120    
  0.943679810     ;  -1.16549110    
  0.942679644     ;  -1.16630018    
  0.941678762     ;  -1.16710842    
  0.940677226     ;  -1.16791582    
  0.939674973     ;  -1.16872227    
  0.938672066     ;  -1.16952789    
  0.937668443     ;  -1.17033267    
  0.936664104     ;  -1.17113662    
  0.935659111     ;  -1.17193973    
  0.934653401     ;  -1.17274189    
  0.933647037     ;  -1.17354321    
  0.932639956     ;  -1.17434371    
  0.931632221     ;  -1.17514336    
  0.930623770     ;  -1.17594206    
  0.929614663     ;  -1.17673993    
  0.928604841     ;  -1.17753696    
  0.927594364     ;  -1.17833316    
  0.926583171     ;  -1.17912841    
  0.925571322     ;  -1.17992282    
  0.924558759     ;  -1.18071640    
  0.923545539     ;  -1.18150902    
  0.922531664     ;  -1.18230081    
  0.921517074     ;  -1.18309176    
  0.920501828     ;  -1.18388188    
  0.919485927     ;  -1.18467104    
  0.918469310     ;  -1.18545938    
  0.917452037     ;  -1.18624687    
  0.916434109     ;  -1.18703341    
  0.915415466     ;  -1.18781912    
  0.914396167     ;  -1.18860400    
  0.913376212     ;  -1.18938792    
  0.912355542     ;  -1.19017100    
  0.911334217     ;  -1.19095325    
  0.910312235     ;  -1.19173455    
  0.909289598     ;  -1.19251502    
  0.908266246     ;  -1.19329464    
  0.907242239     ;  -1.19407332    
  0.906217575     ;  -1.19485116    
  0.905192256     ;  -1.19562817    
  0.904166281     ;  -1.19640422    
  0.903139591     ;  -1.19717944    
  0.902112246     ;  -1.19795370    
  0.901084244     ;  -1.19872713    
  0.900055587     ;  -1.19949973    
  0.899026275     ;  -1.20027137    
  0.897996306     ;  -1.20104218    
  0.896965683     ;  -1.20181203    
  0.895934403     ;  -1.20258105    
  0.894902468     ;  -1.20334923    
  0.893869877     ;  -1.20411646    
  0.892836630     ;  -1.20488286    
  0.891802728     ;  -1.20564830    
  0.890768170     ;  -1.20641291    
  0.889732957     ;  -1.20717657    
  0.888697088     ;  -1.20793939    
  0.887660563     ;  -1.20870137    
  0.886623383     ;  -1.20946240    
  0.885585546     ;  -1.21022260    
  0.884547055     ;  -1.21098185    
  0.883507907     ;  -1.21174026    
  0.882468104     ;  -1.21249771    
  0.881427646     ;  -1.21325433    
  0.880386531     ;  -1.21401000    
  0.879344761     ;  -1.21476483    
  0.878302336     ;  -1.21551871    
  0.877259314     ;  -1.21627176    
  0.876215637     ;  -1.21702385    
  0.875171304     ;  -1.21777511    
  0.874126315     ;  -1.21852541    
  0.873080671     ;  -1.21927488    
  0.872034431     ;  -1.22002339    
  0.870987535     ;  -1.22077107    
  0.869939983     ;  -1.22151780    
  0.868891776     ;  -1.22226369    
  0.867842972     ;  -1.22300863    
  0.866793513     ;  -1.22375274    
  0.865743399     ;  -1.22449589    
  0.864692628     ;  -1.22523820    
  0.863641262     ;  -1.22597957    
  0.862589240     ;  -1.22671998    
  0.861536562     ;  -1.22745955    
  0.860483289     ;  -1.22819817    
  0.859429359     ;  -1.22893596    
  0.858374834     ;  -1.22967279    
  0.857319653     ;  -1.23040879    
  0.856263816     ;  -1.23114383    
  0.855207384     ;  -1.23187792    
  0.854150295     ;  -1.23261118    
  0.853092611     ;  -1.23334348    
  0.852034271     ;  -1.23407495    
  0.850975335     ;  -1.23480546    
  0.849915743     ;  -1.23553503    
  0.848855555     ;  -1.23626375    
  0.847794712     ;  -1.23699152    
  0.846733272     ;  -1.23771834    
  0.845671177     ;  -1.23844433    
  0.844608486     ;  -1.23916936    
  0.843545139     ;  -1.23989356    
  0.842481196     ;  -1.24061680    
  0.841416657     ;  -1.24133909    
  0.840351462     ;  -1.24206054    
  0.839285672     ;  -1.24278104    
  0.838219285     ;  -1.24350059    
  0.837152243     ;  -1.24421930    
  0.836084604     ;  -1.24493706    
  0.835016310     ;  -1.24565387    
  0.833947420     ;  -1.24636984    
  0.832877934     ;  -1.24708486    
  0.831807852     ;  -1.24779892    
  0.830737114     ;  -1.24851215    
  0.829665780     ;  -1.24922442    
  0.828593850     ;  -1.24993575    
  0.827521324     ;  -1.25064611    
  0.826448143     ;  -1.25135565    
  0.825374365     ;  -1.25206423    
  0.824299991     ;  -1.25277185    
  0.823225021     ;  -1.25347865    
  0.822149456     ;  -1.25418448    
  0.821073294     ;  -1.25488937    
  0.819996476     ;  -1.25559330    
  0.818919063     ;  -1.25629640    
  0.817841053     ;  -1.25699854    
  0.816762447     ;  -1.25769973    
  0.815683246     ;  -1.25839996    
  0.814603448     ;  -1.25909936    
  0.813523054     ;  -1.25979781    
  0.812442064     ;  -1.26049531    
  0.811360478     ;  -1.26119184    
  0.810278296     ;  -1.26188743    
  0.809195518     ;  -1.26258218    
  0.808112144     ;  -1.26327598    
  0.807028174     ;  -1.26396883    
  0.805943608     ;  -1.26466072    
  0.804858446     ;  -1.26535177    
  0.803772688     ;  -1.26604187    
  0.802686334     ;  -1.26673102    
  0.801599383     ;  -1.26741922    
  0.800511837     ;  -1.26810646    
  0.799423695     ;  -1.26879275    
  0.798334956     ;  -1.26947820    
  0.797245681     ;  -1.27016270    
  0.796155810     ;  -1.27084625    
  0.795065343     ;  -1.27152884    
  0.793974280     ;  -1.27221048    
  0.792882621     ;  -1.27289116    
  0.791790366     ;  -1.27357101    
  0.790697575     ;  -1.27424991    
  0.789604187     ;  -1.27492785    
  0.788510203     ;  -1.27560484    
  0.787415624     ;  -1.27628088    
  0.786320508     ;  -1.27695596    
  0.785224795     ;  -1.27763009    
  0.784128487     ;  -1.27830338    
  0.783031642     ;  -1.27897573    
  0.781934202     ;  -1.27964711    
  0.780836165     ;  -1.28031754    
  0.779737592     ;  -1.28098702    
  0.778638422     ;  -1.28165555    
  0.777538657     ;  -1.28232312    
  0.776438355     ;  -1.28298974    
  0.775337458     ;  -1.28365541    
  0.774236023     ;  -1.28432012    
  0.773133993     ;  -1.28498399    
  0.772031426     ;  -1.28564692    
  0.770928264     ;  -1.28630888    
  0.769824564     ;  -1.28696990    
  0.768720269     ;  -1.28762996    
  0.767615438     ;  -1.28828907    
  0.766510010     ;  -1.28894722    
  0.765404046     ;  -1.28960443    
  0.764297485     ;  -1.29026067    
  0.763190389     ;  -1.29091597    
  0.762082696     ;  -1.29157031    
  0.760974467     ;  -1.29222369    
  0.759865642     ;  -1.29287612    
  0.758756280     ;  -1.29352760    
  0.757646382     ;  -1.29417813    
  0.756535888     ;  -1.29482770    
  0.755424857     ;  -1.29547632    
  0.754313290     ;  -1.29612398    
  0.753201127     ;  -1.29677069    
  0.752088428     ;  -1.29741645    
  0.750975192     ;  -1.29806125    
  0.749861360     ;  -1.29870510    
  0.748746991     ;  -1.29934800    
  0.747632086     ;  -1.29998994    
  0.746516645     ;  -1.30063093    
  0.745400667     ;  -1.30127096    
  0.744284093     ;  -1.30191004    
  0.743166983     ;  -1.30254817    
  0.742049336     ;  -1.30318534    
  0.740931153     ;  -1.30382156    
  0.739812434     ;  -1.30445683    
  0.738693178     ;  -1.30509114    
  0.737573326     ;  -1.30572450    
  0.736452937     ;  -1.30635691    
  0.735332012     ;  -1.30698836    
  0.734210551     ;  -1.30761886    
  0.733088553     ;  -1.30824840    
  0.731966019     ;  -1.30887699    
  0.730842948     ;  -1.30950463    
  0.729719341     ;  -1.31013119    
  0.728595197     ;  -1.31075680    
  0.727470517     ;  -1.31138146    
  0.726345301     ;  -1.31200516    
  0.725219548     ;  -1.31262791    
  0.724093258     ;  -1.31324971    
  0.722966433     ;  -1.31387055    
  0.721839070     ;  -1.31449044    
  0.720711172     ;  -1.31510937    
  0.719582736     ;  -1.31572735    
  0.718453765     ;  -1.31634438    
  0.717324317     ;  -1.31696033    
  0.716194332     ;  -1.31757534    
  0.715063810     ;  -1.31818938    
  0.713932753     ;  -1.31880248    
  0.712801158     ;  -1.31941462    
  0.711669028     ;  -1.32002580    
  0.710536420     ;  -1.32063603    
  0.709403276     ;  -1.32124519    
  0.708269596     ;  -1.32185340    
  0.707135379     ;  -1.32246065    
  0.706000686     ;  -1.32306695    
  0.704865456     ;  -1.32367229    
  0.703729689     ;  -1.32427669    
  0.702593386     ;  -1.32488012    
  0.701456606     ;  -1.32548249    
  0.700319290     ;  -1.32608390    
  0.699181437     ;  -1.32668436    
  0.698043108     ;  -1.32728386    
  0.696904242     ;  -1.32788241    
  0.695764899     ;  -1.32847989    
  0.694625020     ;  -1.32907641    
  0.693484604     ;  -1.32967198    
  0.692343712     ;  -1.33026659    
  0.691202283     ;  -1.33086026    
  0.690060377     ;  -1.33145285    
  0.688917935     ;  -1.33204448    
  0.687775016     ;  -1.33263516    
  0.686631560     ;  -1.33322489    
  0.685487628     ;  -1.33381367    
  0.684343159     ;  -1.33440137    
  0.683198214     ;  -1.33498812    
  0.682052732     ;  -1.33557391    
  0.680906773     ;  -1.33615875    
  0.679760337     ;  -1.33674252    
  0.678613365     ;  -1.33732533    
  0.677465916     ;  -1.33790720    
  0.676317930     ;  -1.33848810    
  0.675169468     ;  -1.33906794    
  0.674020529     ;  -1.33964682    
  0.672871053     ;  -1.34022474    
  0.671721101     ;  -1.34080172    
  0.670570672     ;  -1.34137762    
  0.669419765     ;  -1.34195256    
  0.668268323     ;  -1.34252656    
  0.667116404     ;  -1.34309959    
  0.665964007     ;  -1.34367156    
  0.664811134     ;  -1.34424257    
  0.663657725     ;  -1.34481263    
  0.662503839     ;  -1.34538162    
  0.661349475     ;  -1.34594965    
  0.660194635     ;  -1.34651673    
  0.659039319     ;  -1.34708273    
  0.657883465     ;  -1.34764779    
  0.656727135     ;  -1.34821188    
  0.655570328     ;  -1.34877503    
  0.654413044     ;  -1.34933710    
  0.653255284     ;  -1.34989822    
  0.652097046     ;  -1.35045838    
  0.650938332     ;  -1.35101748    
  0.649779141     ;  -1.35157561    
  0.648619473     ;  -1.35213280    
  0.647459328     ;  -1.35268891    
  0.646298707     ;  -1.35324407    
  0.645137608     ;  -1.35379827    
  0.643976033     ;  -1.35435140    
  0.642813981     ;  -1.35490358    
  0.641651452     ;  -1.35545480    
  0.640488446     ;  -1.35600495    
  0.639324963     ;  -1.35655415    
  0.638161004     ;  -1.35710227    
  0.636996567     ;  -1.35764945    
  0.635831714     ;  -1.35819566    
  0.634666383     ;  -1.35874081    
  0.633500576     ;  -1.35928500    
  0.632334292     ;  -1.35982823    
  0.631167531     ;  -1.36037040    
  0.630000293     ;  -1.36091161    
  0.628832638     ;  -1.36145175    
  0.627664506     ;  -1.36199093    
  0.626495898     ;  -1.36252916    
  0.625326812     ;  -1.36306632    
  0.624157310     ;  -1.36360252    
  0.622987330     ;  -1.36413765    
  0.621816874     ;  -1.36467183    
  0.620646000     ;  -1.36520505    
  0.619474649     ;  -1.36573720    
  0.618302822     ;  -1.36626840    
  0.617130578     ;  -1.36679852    
  0.615957856     ;  -1.36732769    
  0.614784658     ;  -1.36785579    
  0.613611042     ;  -1.36838293    
  0.612436950     ;  -1.36890912    
  0.611262441     ;  -1.36943424    
  0.610087454     ;  -1.36995840    
  0.608912051     ;  -1.37048149    
  0.607736170     ;  -1.37100363    
  0.606559813     ;  -1.37152469    
  0.605383039     ;  -1.37204480    
  0.604205847     ;  -1.37256384    
  0.603028178     ;  -1.37308192    
  0.601850092     ;  -1.37359893    
  0.600671530     ;  -1.37411499    
  0.599492550     ;  -1.37462997    
  0.598313093     ;  -1.37514400    
  0.597133219     ;  -1.37565708    
  0.595952928     ;  -1.37616909    
  0.594772160     ;  -1.37668014    
  0.593590975     ;  -1.37719011    
  0.592409372     ;  -1.37769914    
  0.591227293     ;  -1.37820709    
  0.590044796     ;  -1.37871408    
  0.588861883     ;  -1.37922001    
  0.587678492     ;  -1.37972498    
  0.586494684     ;  -1.38022888    
  0.585310459     ;  -1.38073182    
  0.584125817     ;  -1.38123369    
  0.582940698     ;  -1.38173449    
  0.581755161     ;  -1.38223433    
  0.580569208     ;  -1.38273311    
  0.579382837     ;  -1.38323092    
  0.578196049     ;  -1.38372767    
  0.577008784     ;  -1.38422346    
  0.575821102     ;  -1.38471818    
  0.574633002     ;  -1.38521194    
  0.573444486     ;  -1.38570464    
  0.572255552     ;  -1.38619637    
  0.571066201     ;  -1.38668704    
  0.569876432     ;  -1.38717675    
  0.568686247     ;  -1.38766539    
  0.567495644     ;  -1.38815296    
  0.566304624     ;  -1.38863957    
  0.565113187     ;  -1.38912511    
  0.563921332     ;  -1.38960969    
  0.562729061     ;  -1.39009321    
  0.561536372     ;  -1.39057577    
  0.560343266     ;  -1.39105725    
  0.559149742     ;  -1.39153767    
  0.557955801     ;  -1.39201713    
  0.556761444     ;  -1.39249551    
  0.555566669     ;  -1.39297295    
  0.554371536     ;  -1.39344931    
  0.553175986     ;  -1.39392471    
  0.551980019     ;  -1.39439905    
  0.550783634     ;  -1.39487231    
  0.549586833     ;  -1.39534461    
  0.548389614     ;  -1.39581585    
  0.547192037     ;  -1.39628613    
  0.545994043     ;  -1.39675534    
  0.544795632     ;  -1.39722347    
  0.543596804     ;  -1.39769065    
  0.542397618     ;  -1.39815676    
  0.541198015     ;  -1.39862180    
  0.539997995     ;  -1.39908588    
  0.538797617     ;  -1.39954889    
  0.537596822     ;  -1.40001094    
  0.536395609     ;  -1.40047193    
  0.535194039     ;  -1.40093184    
  0.533992052     ;  -1.40139079    
  0.532789648     ;  -1.40184867    
  0.531586885     ;  -1.40230548    
  0.530383706     ;  -1.40276134    
  0.529180169     ;  -1.40321612    
  0.527976215     ;  -1.40366983    
  0.526771903     ;  -1.40412259    
  0.525567174     ;  -1.40457428    
  0.524362087     ;  -1.40502489    
  0.523156583     ;  -1.40547454    
  0.521950722     ;  -1.40592313    
  0.520744443     ;  -1.40637064    
  0.519537807     ;  -1.40681720    
  0.518330753     ;  -1.40726268    
  0.517123342     ;  -1.40770710    
  0.515915573     ;  -1.40815055    
  0.514707386     ;  -1.40859294    
  0.513498843     ;  -1.40903425    
  0.512289941     ;  -1.40947461    
  0.511080623     ;  -1.40991390    
  0.509870946     ;  -1.41035211    
  0.508660913     ;  -1.41078937    
  0.507450461     ;  -1.41122556    
  0.506239653     ;  -1.41166067    
  0.505028486     ;  -1.41209471    
  0.503816962     ;  -1.41252780    
  0.502605021     ;  -1.41295981    
  0.501392722     ;  -1.41339076    
  0.500180066     ;  -1.41382074    
  0.498967022     ;  -1.41424966    
  0.497753620     ;  -1.41467750    
  0.496539861     ;  -1.41510427    
  0.495325744     ;  -1.41553009    
  0.494111240     ;  -1.41595483    
  0.492896378     ;  -1.41637850    
  0.491681159     ;  -1.41680110    
  0.490465581     ;  -1.41722274    
  0.489249647     ;  -1.41764331    
  0.488033324     ;  -1.41806281    
  0.486816645     ;  -1.41848135    
  0.485599607     ;  -1.41889882    
  0.484382212     ;  -1.41931522    
  0.483164459     ;  -1.41973054    
  0.481946349     ;  -1.42014492    
  0.480727911     ;  -1.42055821    
  0.479509115     ;  -1.42097044    
  0.478289962     ;  -1.42138159    
  0.477070451     ;  -1.42179167    
  0.475850582     ;  -1.42220080    
  0.474630356     ;  -1.42260885    
  0.473409802     ;  -1.42301583    
  0.472188890     ;  -1.42342174    
  0.470967621     ;  -1.42382669    
  0.469746023     ;  -1.42423058    
  0.468524069     ;  -1.42463338    
  0.467301756     ;  -1.42503512    
  0.466079116     ;  -1.42543578    
  0.464856118     ;  -1.42583549    
  0.463632792     ;  -1.42623413    
  0.462409109     ;  -1.42663169    
  0.461185098     ;  -1.42702818    
  0.459960759     ;  -1.42742360    
  0.458736062     ;  -1.42781806    
  0.457511038     ;  -1.42821145    
  0.456285655     ;  -1.42860377    
  0.455059946     ;  -1.42899501    
  0.453833908     ;  -1.42938519    
  0.452607542     ;  -1.42977440    
  0.451380849     ;  -1.43016255    
  0.450153798     ;  -1.43054962    
  0.448926419     ;  -1.43093562    
  0.447698712     ;  -1.43132055    
  0.446470678     ;  -1.43170440    
  0.445242316     ;  -1.43208730    
  0.444013625     ;  -1.43246913    
  0.442784607     ;  -1.43284988    
  0.441555262     ;  -1.43322957    
  0.440325588     ;  -1.43360817    
  0.439095587     ;  -1.43398571    
  0.437865257     ;  -1.43436229    
  0.436634630     ;  -1.43473780    
  0.435403675     ;  -1.43511224    
  0.434172392     ;  -1.43548560    
  0.432940781     ;  -1.43585789    
  0.431708872     ;  -1.43622911    
  0.430476636     ;  -1.43659937    
  0.429244071     ;  -1.43696856    
  0.428011209     ;  -1.43733668    
  0.426778018     ;  -1.43770373    
  0.425544500     ;  -1.43806970    
  0.424310684     ;  -1.43843460    
  0.423076540     ;  -1.43879843    
  0.421842098     ;  -1.43916118    
  0.420607358     ;  -1.43952298    
  0.419372290     ;  -1.43988371    
  0.418136925     ;  -1.44024336    
  0.416901231     ;  -1.44060194    
  0.415665239     ;  -1.44095945    
  0.414428949     ;  -1.44131589    
  0.413192362     ;  -1.44167125    
  0.411955446     ;  -1.44202554    
  0.410718232     ;  -1.44237876    
  0.409480721     ;  -1.44273102    
  0.408242911     ;  -1.44308221    
  0.407004803     ;  -1.44343233    
  0.405766398     ;  -1.44378138    
  0.404527694     ;  -1.44412935    
  0.403288692     ;  -1.44447625    
  0.402049392     ;  -1.44482207    
  0.400809795     ;  -1.44516683    
  0.399569899     ;  -1.44551051    
  0.398329705     ;  -1.44585311    
  0.397089213     ;  -1.44619465    
  0.395848423     ;  -1.44653523    
  0.394607335     ;  -1.44687474    
  0.393365979     ;  -1.44721317    
  0.392124325     ;  -1.44755054    
  0.390882373     ;  -1.44788682    
  0.389640152     ;  -1.44822204    
  0.388397634     ;  -1.44855618    
  0.387154818     ;  -1.44888926    
  0.385911733     ;  -1.44922125    
  0.384668350     ;  -1.44955218    
  0.383424699     ;  -1.44988203    
  0.382180750     ;  -1.45021081    
  0.380936533     ;  -1.45053852    
  0.379692018     ;  -1.45086515    
  0.378447235     ;  -1.45119071    
  0.377202183     ;  -1.45151532    
  0.375956833     ;  -1.45183885    
  0.374711215     ;  -1.45216131    
  0.373465329     ;  -1.45248270    
  0.372219145     ;  -1.45280302    
  0.370972693     ;  -1.45312226    
  0.369725972     ;  -1.45344043    
  0.368478984     ;  -1.45375752    
  0.367231727     ;  -1.45407355    
  0.365984201     ;  -1.45438850    
  0.364736408     ;  -1.45470238    
  0.363488346     ;  -1.45501518    
  0.362240016     ;  -1.45532691    
  0.360991418     ;  -1.45563757    
  0.359742552     ;  -1.45594716    
  0.358493418     ;  -1.45625567    
  0.357244015     ;  -1.45656312    
  0.355994344     ;  -1.45686948    
  0.354744405     ;  -1.45717478    
  0.353494197     ;  -1.45747900    
  0.352243751     ;  -1.45778215    
  0.350993037     ;  -1.45808423    
  0.349742055     ;  -1.45838523    
  0.348490834     ;  -1.45868516    
  0.347239345     ;  -1.45898402    
  0.345987588     ;  -1.45928180    
  0.344735593     ;  -1.45957851    
  0.343483329     ;  -1.45987415    
  0.342230827     ;  -1.46016872    
  0.340978056     ;  -1.46046221    
  0.339725047     ;  -1.46075463    
  0.338471770     ;  -1.46104598    
  0.337218255     ;  -1.46133626    
  0.335964501     ;  -1.46162546    
  0.334710479     ;  -1.46191359    
  0.333456218     ;  -1.46220064    
  0.332201719     ;  -1.46248662    
  0.330946982     ;  -1.46277153    
  0.329691976     ;  -1.46305537    
  0.328436732     ;  -1.46333814    
  0.327181250     ;  -1.46361983    
  0.325925529     ;  -1.46390045    
  0.324669570     ;  -1.46417999    
  0.323413372     ;  -1.46445847    
  0.322156936     ;  -1.46473587    
  0.320900261     ;  -1.46501219    
  0.319643348     ;  -1.46528745    
  0.318386197     ;  -1.46556163    
  0.317128807     ;  -1.46583474    
  0.315871179     ;  -1.46610677    
  0.314613342     ;  -1.46637774    
  0.313355267     ;  -1.46664762    
  0.312096953     ;  -1.46691632    
  0.310838401     ;  -1.46718395    
  0.309579641     ;  -1.46745050    
  0.308320642     ;  -1.46771598    
  0.307061404     ;  -1.46798038    
  0.305801958     ;  -1.46824372    
  0.304542273     ;  -1.46850598    
  0.303282380     ;  -1.46876717    
  0.302022249     ;  -1.46902728    
  0.300761908     ;  -1.46928632    
  0.299501330     ;  -1.46954429    
  0.298240542     ;  -1.46980119    
  0.296979517     ;  -1.47005701    
  0.295718282     ;  -1.47031176    
  0.294456840     ;  -1.47056544    
  0.293195158     ;  -1.47081804    
  0.291933268     ;  -1.47106946    
  0.290671170     ;  -1.47131979    
  0.289408863     ;  -1.47156906    
  0.288146317     ;  -1.47181726    
  0.286883563     ;  -1.47206438    
  0.285620600     ;  -1.47231042    
  0.284357429     ;  -1.47255540    
  0.283094049     ;  -1.47279930    
  0.281830460     ;  -1.47304213    
  0.280566663     ;  -1.47328389    
  0.279302657     ;  -1.47352457    
  0.278038442     ;  -1.47376418    
  0.276774019     ;  -1.47400272    
  0.275509387     ;  -1.47424006    
  0.274244577     ;  -1.47447634    
  0.272979558     ;  -1.47471154    
  0.271714330     ;  -1.47494566    
  0.270448893     ;  -1.47517872    
  0.269183278     ;  -1.47541070    
  0.267917454     ;  -1.47564161    
  0.266651422     ;  -1.47587144    
  0.265385211     ;  -1.47610021    
  0.264118791     ;  -1.47632790    
  0.262852192     ;  -1.47655439    
  0.261585385     ;  -1.47677982    
  0.260318398     ;  -1.47700417    
  0.259051204     ;  -1.47722745    
  0.257783830     ;  -1.47744966    
  0.256516248     ;  -1.47767079    
  0.255248487     ;  -1.47789085    
  0.253980547     ;  -1.47810984    
  0.252712399     ;  -1.47832775    
  0.251444072     ;  -1.47854447    
  0.250175565     ;  -1.47876012    
  0.248906866     ;  -1.47897470    
  0.247637987     ;  -1.47918820    
  0.246368930     ;  -1.47940063    
  0.245099679     ;  -1.47961199    
  0.243830249     ;  -1.47982228    
  0.242560640     ;  -1.48003149    
  0.241290852     ;  -1.48023951    
  0.240020886     ;  -1.48044646    
  0.238750741     ;  -1.48065233    
  0.237480417     ;  -1.48085713    
  0.236209929     ;  -1.48106086    
  0.234939262     ;  -1.48126352    
  0.233668417     ;  -1.48146510    
  0.232397407     ;  -1.48166549    
  0.231126219     ;  -1.48186481    
  0.229854867     ;  -1.48206306    
  0.228583336     ;  -1.48226023    
  0.227311641     ;  -1.48245633    
  0.226039782     ;  -1.48265135    
  0.224767745     ;  -1.48284531    
  0.223495543     ;  -1.48303807    
  0.222223178     ;  -1.48322976    
  0.220950648     ;  -1.48342037    
  0.219677955     ;  -1.48360991    
  0.218405098     ;  -1.48379838    
  0.217132077     ;  -1.48398578    
  0.215858907     ;  -1.48417211    
  0.214585572     ;  -1.48435724    
  0.213312075     ;  -1.48454130    
  0.212038428     ;  -1.48472428    
  0.210764617     ;  -1.48490620    
  0.209490657     ;  -1.48508704    
  0.208216533     ;  -1.48526680    
  0.206942260     ;  -1.48544538    
  0.205667838     ;  -1.48562288    
  0.204393253     ;  -1.48579931    
  0.203118518     ;  -1.48597467    
  0.201843634     ;  -1.48614895    
  0.200568601     ;  -1.48632216    
  0.199293420     ;  -1.48649418    
  0.198018089     ;  -1.48666513    
  0.196742609     ;  -1.48683500    
  0.195466995     ;  -1.48700380    
  0.194191232     ;  -1.48717153    
  0.192915320     ;  -1.48733819    
  0.191639274     ;  -1.48750365    
  0.190363079     ;  -1.48766804    
  0.189086750     ;  -1.48783135    
  0.187810272     ;  -1.48799360    
  0.186533660     ;  -1.48815477    
  0.185256913     ;  -1.48831487    
  0.183980033     ;  -1.48847377    
  0.182703003     ;  -1.48863161    
  0.181425840     ;  -1.48878837    
  0.180148542     ;  -1.48894405    
  0.178871110     ;  -1.48909867    
  0.177593544     ;  -1.48925209    
  0.176315859     ;  -1.48940444    
  0.175038040     ;  -1.48955572    
  0.173760086     ;  -1.48970592    
  0.172481999     ;  -1.48985505    
  0.171203792     ;  -1.49000299    
  0.169925451     ;  -1.49014986    
  0.168646991     ;  -1.49029565    
  0.167368412     ;  -1.49044037    
  0.166089699     ;  -1.49058402    
  0.164810866     ;  -1.49072659    
  0.163531914     ;  -1.49086797    
  0.162252843     ;  -1.49100828    
  0.160973653     ;  -1.49114752    
  0.159694344     ;  -1.49128568    
  0.158414915     ;  -1.49142277    
  0.157135367     ;  -1.49155867    
  0.155855700     ;  -1.49169350    
  0.154575914     ;  -1.49182725    
  0.153296009     ;  -1.49195993    
  0.152015999     ;  -1.49209154    
  0.150735870     ;  -1.49222195    
  0.149455637     ;  -1.49235129    
  0.148175284     ;  -1.49247956    
  0.146894827     ;  -1.49260676    
  0.145614266     ;  -1.49273276    
  0.144333586     ;  -1.49285769    
  0.143052801     ;  -1.49298155    
  0.141771913     ;  -1.49310434    
  0.140490919     ;  -1.49322605    
  0.139209822     ;  -1.49334657    
  0.137928620     ;  -1.49346602    
  0.136647314     ;  -1.49358439    
  0.135365903     ;  -1.49370170    
  0.134084404     ;  -1.49381793    
  0.132802799     ;  -1.49393296    
  0.131521091     ;  -1.49404693    
  0.130239293     ;  -1.49415982    
  0.128957391     ;  -1.49427164    
  0.127675399     ;  -1.49438238    
  0.126393303     ;  -1.49449193    
  0.125111118     ;  -1.49460042    
  0.123828843     ;  -1.49470782    
  0.122546479     ;  -1.49481416    
  0.121264018     ;  -1.49491930    
  0.119981468     ;  -1.49502337    
  0.118698828     ;  -1.49512637    
  0.117416099     ;  -1.49522829    
  0.116133288     ;  -1.49532914    
  0.114850387     ;  -1.49542880    
  0.113567404     ;  -1.49552739    
  0.112284333     ;  -1.49562490    
  0.111001179     ;  -1.49572134    
  0.109717943     ;  -1.49581659    
  0.108434625     ;  -1.49591076    
  0.107151225     ;  -1.49600387    
  0.105867743     ;  -1.49609590    
  0.104584187     ;  -1.49618673    
  0.103300549     ;  -1.49627650    
  0.102016836     ;  -1.49636519    
  0.100733049     ;  -1.49645281    
   9.94491875E-02 ;  -1.49653935    
   9.81652513E-02 ;  -1.49662471    
   9.68812406E-02 ;  -1.49670899    
   9.55971554E-02 ;  -1.49679220    
   9.43130031E-02 ;  -1.49687433    
   9.30287763E-02 ;  -1.49695528    
   9.17444825E-02 ;  -1.49703515    
   9.04601216E-02 ;  -1.49711394    
   8.91756937E-02 ;  -1.49719167    
   8.78911987E-02 ;  -1.49726820    
   8.66066366E-02 ;  -1.49734366    
   8.53220075E-02 ;  -1.49741805    
   8.40373188E-02 ;  -1.49749136    
   8.27525631E-02 ;  -1.49756348    
   8.14677477E-02 ;  -1.49763453    
   8.01828727E-02 ;  -1.49770451    
   7.88979381E-02 ;  -1.49777341    
   7.76129439E-02 ;  -1.49784124    
   7.63278902E-02 ;  -1.49790788    
   7.50427768E-02 ;  -1.49797344    
   7.37576112E-02 ;  -1.49803793    
   7.24723861E-02 ;  -1.49810135    
   7.11871088E-02 ;  -1.49816358    
   6.99017793E-02 ;  -1.49822474    
   6.86163977E-02 ;  -1.49828482    
   6.73309639E-02 ;  -1.49834383    
   6.60454780E-02 ;  -1.49840164    
   6.47599474E-02 ;  -1.49845839    
   6.34743646E-02 ;  -1.49851406    
   6.21887334E-02 ;  -1.49856865    
   6.09030575E-02 ;  -1.49862206    
   5.96173331E-02 ;  -1.49867439    
   5.83315641E-02 ;  -1.49872565    
   5.70457503E-02 ;  -1.49877584    
   5.57598956E-02 ;  -1.49882483    
   5.44739999E-02 ;  -1.49887276    
   5.31880632E-02 ;  -1.49891961    
   5.19020855E-02 ;  -1.49896538    
   5.06160669E-02 ;  -1.49900997    
   4.93300110E-02 ;  -1.49905348    
   4.80439179E-02 ;  -1.49909592    
   4.67577875E-02 ;  -1.49913728    
   4.54716235E-02 ;  -1.49917746    
   4.41854224E-02 ;  -1.49921656    
   4.28991914E-02 ;  -1.49925458    
   4.16129269E-02 ;  -1.49929154    
   4.03266288E-02 ;  -1.49932730    
   3.90403010E-02 ;  -1.49936199    
   3.77539434E-02 ;  -1.49939561    
   3.64675559E-02 ;  -1.49942815    
   3.51811424E-02 ;  -1.49945951    
   3.38947028E-02 ;  -1.49948978    
   3.26082371E-02 ;  -1.49951899    
   3.13217454E-02 ;  -1.49954712    
   3.00352294E-02 ;  -1.49957407    
   2.87486892E-02 ;  -1.49959993    
   2.74621285E-02 ;  -1.49962473    
   2.61755455E-02 ;  -1.49964845    
   2.48889420E-02 ;  -1.49967098    
   2.36023199E-02 ;  -1.49969244    
   2.23156791E-02 ;  -1.49971282    
   2.10290216E-02 ;  -1.49973214    
   1.97423473E-02 ;  -1.49975026    
   1.84556562E-02 ;  -1.49976730    
   1.71689522E-02 ;  -1.49978328    
   1.58822332E-02 ;  -1.49979818    
   1.45955021E-02 ;  -1.49981189    
   1.33087588E-02 ;  -1.49982452    
   1.20220045E-02 ;  -1.49983609    
   1.07352408E-02 ;  -1.49984658    
   9.44846775E-03 ;  -1.49985588    
   8.16168729E-03 ;  -1.49986410    
   6.87489938E-03 ;  -1.49987125    
   5.58810541E-03 ;  -1.49987733    
   4.30130633E-03 ;  -1.49988222    
   3.01450281E-03 ;  -1.49988604    
   1.72769604E-03 ;  -1.49988878    
   4.40886914E-04 ;  -1.49989045    
  -8.45923612E-04 ;  -1.49989092    
  -2.13273335E-03 ;  -1.49989259    
  -3.41954106E-03 ;  -1.49989533    
  -4.70634550E-03 ;  -1.49989915    
  -5.99314552E-03 ;  -1.49990416    
  -7.27993995E-03 ;  -1.49991024    
  -8.56672786E-03 ;  -1.49991739    
  -9.85350739E-03 ;  -1.49992573    
  -1.11402776E-02 ;  -1.49993515    
  -1.24270376E-02 ;  -1.49994576    
  -1.37137864E-02 ;  -1.49995744    
  -1.50005221E-02 ;  -1.49997020    
  -1.62872430E-02 ;  -1.49998415    
  -1.75739489E-02 ;  -1.49999917    
  -1.88606381E-02 ;  -1.50001538    
  -2.01473106E-02 ;  -1.50003266    
  -2.14339644E-02 ;  -1.50005114    
  -2.27205977E-02 ;  -1.50007069    
  -2.40072086E-02 ;  -1.50009143    
  -2.52937973E-02 ;  -1.50011325    
  -2.65803616E-02 ;  -1.50013626    
  -2.78669018E-02 ;  -1.50016034    
  -2.91534159E-02 ;  -1.50018561    
  -3.04399021E-02 ;  -1.50021195    
  -3.17263603E-02 ;  -1.50023949    
  -3.30127887E-02 ;  -1.50026810    
  -3.42991836E-02 ;  -1.50029790    
  -3.55855450E-02 ;  -1.50032878    
  -3.68718728E-02 ;  -1.50036085    
  -3.81581672E-02 ;  -1.50039411    
  -3.94444242E-02 ;  -1.50042844    
  -4.07306440E-02 ;  -1.50046396    
  -4.20168266E-02 ;  -1.50050056    
  -4.33029681E-02 ;  -1.50053835    
  -4.45890687E-02 ;  -1.50057733    
  -4.58751246E-02 ;  -1.50061738    
  -4.71611358E-02 ;  -1.50065863    
  -4.84471023E-02 ;  -1.50070107    
  -4.97330204E-02 ;  -1.50074458    
  -5.10188937E-02 ;  -1.50078928    
  -5.23047149E-02 ;  -1.50083518    
  -5.35904877E-02 ;  -1.50088227    
  -5.48762083E-02 ;  -1.50093043    
  -5.61618768E-02 ;  -1.50097978    
  -5.74474894E-02 ;  -1.50103033    
  -5.87330461E-02 ;  -1.50108206    
  -6.00185469E-02 ;  -1.50113487    
  -6.13039881E-02 ;  -1.50118887    
  -6.25893697E-02 ;  -1.50124407    
  -6.38746917E-02 ;  -1.50130045    
  -6.51599467E-02 ;  -1.50135803    
  -6.64451420E-02 ;  -1.50141680    
  -6.77302703E-02 ;  -1.50147665    
  -6.90153316E-02 ;  -1.50153768    
  -7.03003258E-02 ;  -1.50159991    
  -7.15852529E-02 ;  -1.50166333    
  -7.28701055E-02 ;  -1.50172794    
  -7.41548911E-02 ;  -1.50179374    
  -7.54396021E-02 ;  -1.50186074    
  -7.67242387E-02 ;  -1.50192893    
  -7.80088007E-02 ;  -1.50199831    
  -7.92932808E-02 ;  -1.50206888    
  -8.05776864E-02 ;  -1.50214064    
  -8.18620101E-02 ;  -1.50221360    
  -8.31462517E-02 ;  -1.50228775    
  -8.44304115E-02 ;  -1.50236309    
  -8.57144892E-02 ;  -1.50243962    
  -8.69984776E-02 ;  -1.50251734    
  -8.82823840E-02 ;  -1.50259626    
  -8.95662010E-02 ;  -1.50267637    
  -9.08499286E-02 ;  -1.50275767    
  -9.21335593E-02 ;  -1.50284016    
  -9.34171006E-02 ;  -1.50292385    
  -9.47005451E-02 ;  -1.50300872    
  -9.59839001E-02 ;  -1.50309479    
  -9.72671583E-02 ;  -1.50318205    
  -9.85503122E-02 ;  -1.50327051    
  -9.98333693E-02 ;  -1.50336015    
 -0.101116329     ;  -1.50345111    
 -0.102399185     ;  -1.50354326    
 -0.103681937     ;  -1.50363660    
 -0.104964584     ;  -1.50373113    
 -0.106247120     ;  -1.50382686    
 -0.107529551     ;  -1.50392389    
 -0.108811870     ;  -1.50402212    
 -0.110094078     ;  -1.50412154    
 -0.111376174     ;  -1.50422215    
 -0.112658158     ;  -1.50432396    
 -0.113940023     ;  -1.50442708    
 -0.115221776     ;  -1.50453138    
 -0.116503410     ;  -1.50463688    
 -0.117784925     ;  -1.50474370    
 -0.119066313     ;  -1.50485170    
 -0.120347582     ;  -1.50496089    
 -0.121628724     ;  -1.50507140    
 -0.122909740     ;  -1.50518310    
 -0.124190629     ;  -1.50529599    
 -0.125471398     ;  -1.50541019    
 -0.126752034     ;  -1.50552559    
 -0.128032535     ;  -1.50564229    
 -0.129312903     ;  -1.50576019    
 -0.130593136     ;  -1.50587928    
 -0.131873235     ;  -1.50599968    
 -0.133153200     ;  -1.50612128    
 -0.134433016     ;  -1.50624418    
 -0.135712698     ;  -1.50636828    
 -0.136992231     ;  -1.50649369    
 -0.138271630     ;  -1.50662029    
 -0.139550880     ;  -1.50674820    
 -0.140829980     ;  -1.50687730    
 -0.142108932     ;  -1.50700772    
 -0.143387735     ;  -1.50713944    
 -0.144666389     ;  -1.50727236    
 -0.145944893     ;  -1.50740659    
 -0.147223234     ;  -1.50754201    
 -0.148501426     ;  -1.50767875    
 -0.149779454     ;  -1.50781679    
 -0.151057318     ;  -1.50795603    
 -0.152335033     ;  -1.50809658    
 -0.153612584     ;  -1.50823843    
 -0.154889971     ;  -1.50838149    
 -0.156167194     ;  -1.50852585    
 -0.157444239     ;  -1.50867152    
 -0.158721119     ;  -1.50881839    
 -0.159997836     ;  -1.50896657    
 -0.161274374     ;  -1.50911605    
 -0.162550732     ;  -1.50926685    
 -0.163826928     ;  -1.50941885    
 -0.165102944     ;  -1.50957215    
 -0.166378781     ;  -1.50972676    
 -0.167654440     ;  -1.50988269    
 -0.168929905     ;  -1.51003993    
 -0.170205191     ;  -1.51019835    
 -0.171480298     ;  -1.51035810    
 -0.172755212     ;  -1.51051915    
 -0.174029931     ;  -1.51068151    
 -0.175304472     ;  -1.51084518    
 -0.176578820     ;  -1.51101017    
 -0.177852973     ;  -1.51117647    
 -0.179126933     ;  -1.51134408    
 -0.180400699     ;  -1.51151299    
 -0.181674257     ;  -1.51168323    
 -0.182947621     ;  -1.51185477    
 -0.184220776     ;  -1.51202762    
 -0.185493737     ;  -1.51220179    
 -0.186766490     ;  -1.51237726    
 -0.188039035     ;  -1.51255405    
 -0.189311370     ;  -1.51273215    
 -0.190583497     ;  -1.51291156    
 -0.191855416     ;  -1.51309228    
 -0.193127111     ;  -1.51327431    
 -0.194398597     ;  -1.51345766    
 -0.195669860     ;  -1.51364231    
 -0.196940899     ;  -1.51382828    
 -0.198211730     ;  -1.51401567    
 -0.199482337     ;  -1.51420438    
 -0.200752720     ;  -1.51439440    
 -0.202022865     ;  -1.51458573    
 -0.203292787     ;  -1.51477838    
 -0.204562485     ;  -1.51497245    
 -0.205831945     ;  -1.51516783    
 -0.207101166     ;  -1.51536453    
 -0.208370164     ;  -1.51556253    
 -0.209638923     ;  -1.51576197    
 -0.210907444     ;  -1.51596272    
 -0.212175727     ;  -1.51616478    
 -0.213443756     ;  -1.51636827    
 -0.214711547     ;  -1.51657307    
 -0.215979099     ;  -1.51677918    
 -0.217246398     ;  -1.51698673    
 -0.218513444     ;  -1.51719558    
 -0.219780236     ;  -1.51740587    
 -0.221046776     ;  -1.51761746    
 -0.222313061     ;  -1.51783037    
 -0.223579094     ;  -1.51804471    
 -0.224844873     ;  -1.51826036    
 -0.226110384     ;  -1.51847744    
 -0.227375627     ;  -1.51869583    
 -0.228640616     ;  -1.51891565    
 -0.229905337     ;  -1.51913679    
 -0.231169790     ;  -1.51935935    
 -0.232433975     ;  -1.51958334    
 -0.233697876     ;  -1.51980865    
 -0.234961510     ;  -1.52003539    
 -0.236224875     ;  -1.52026343    
 -0.237487957     ;  -1.52049291    
 -0.238750756     ;  -1.52072382    
 -0.240013272     ;  -1.52095604    
 -0.241275504     ;  -1.52118969    
 -0.242537454     ;  -1.52142477    
 -0.243799120     ;  -1.52166116    
 -0.245060489     ;  -1.52189898    
 -0.246321574     ;  -1.52213824    
 -0.247582361     ;  -1.52237892    
 -0.248842850     ;  -1.52262104    
 -0.250103056     ;  -1.52286446    
 -0.251362950     ;  -1.52310932    
 -0.252622545     ;  -1.52335560    
 -0.253881842     ;  -1.52360332    
 -0.255140841     ;  -1.52385247    
 -0.256399512     ;  -1.52410305    
 -0.257657886     ;  -1.52435493    
 -0.258915931     ;  -1.52460825    
 -0.260173678     ;  -1.52486300    
 -0.261431098     ;  -1.52511919    
 -0.262688220     ;  -1.52537680    
 -0.263945013     ;  -1.52563584    
 -0.265201479     ;  -1.52589631    
 -0.266457617     ;  -1.52615821    
 -0.267713428     ;  -1.52642155    
 -0.268968910     ;  -1.52668631    
 -0.270224065     ;  -1.52695251    
 -0.271478891     ;  -1.52722025    
 -0.272733390     ;  -1.52748942    
 -0.273987561     ;  -1.52776003    
 -0.275241375     ;  -1.52803206    
 -0.276494861     ;  -1.52830553    
 -0.277747989     ;  -1.52858043    
 -0.279000789     ;  -1.52885675    
 -0.280253232     ;  -1.52913463    
 -0.281505316     ;  -1.52941394    
 -0.282757074     ;  -1.52969468    
 -0.284008473     ;  -1.52997684    
 -0.285259515     ;  -1.53026056    
 -0.286510199     ;  -1.53054571    
 -0.287760526     ;  -1.53083229    
 -0.289010495     ;  -1.53112042    
 -0.290260077     ;  -1.53140998    
 -0.291509300     ;  -1.53170097    
 -0.292758167     ;  -1.53199351    
 -0.294006646     ;  -1.53228748    
 -0.295254767     ;  -1.53258300    
 -0.296502501     ;  -1.53287995    
 -0.297749877     ;  -1.53317845    
 -0.298996866     ;  -1.53347838    
 -0.300243467     ;  -1.53377986    
 -0.301489681     ;  -1.53408277    
 -0.302735507     ;  -1.53438723    
 -0.303980947     ;  -1.53469312    
 -0.305225998     ;  -1.53500056    
 -0.306470662     ;  -1.53530943    
 -0.307714909     ;  -1.53561985    
 -0.308958769     ;  -1.53593183    
 -0.310202241     ;  -1.53624523    
 -0.311445296     ;  -1.53656018    
 -0.312687933     ;  -1.53687668    
 -0.313930184     ;  -1.53719473    
 -0.315172017     ;  -1.53751421    
 -0.316413432     ;  -1.53783524    
 -0.317654431     ;  -1.53815782    
 -0.318895012     ;  -1.53848195    
 -0.320135176     ;  -1.53880751    
 -0.321374923     ;  -1.53913462    
 -0.322614253     ;  -1.53946328    
 -0.323853135     ;  -1.53979349    
 -0.325091600     ;  -1.54012525    
 -0.326329619     ;  -1.54045856    
 -0.327567220     ;  -1.54079342    
 -0.328804374     ;  -1.54112983    
 -0.330041081     ;  -1.54146779    
 -0.331277370     ;  -1.54180729    
 -0.332513213     ;  -1.54214835    
 -0.333748609     ;  -1.54249096    
 -0.334983557     ;  -1.54283512    
 -0.336218029     ;  -1.54318082    
 -0.337452054     ;  -1.54352808    
 -0.338685632     ;  -1.54387689    
 -0.339918733     ;  -1.54422736    
 -0.341151386     ;  -1.54457939    
 -0.342383564     ;  -1.54493296    
 -0.343615294     ;  -1.54528809    
 -0.344846547     ;  -1.54564476    
 -0.346077323     ;  -1.54600310    
 -0.347307622     ;  -1.54636300    
 -0.348537445     ;  -1.54672444    
 -0.349766791     ;  -1.54708755    
 -0.350995660     ;  -1.54745221    
 -0.352224022     ;  -1.54781842    
 -0.353451908     ;  -1.54818630    
 -0.354679316     ;  -1.54855573    
 -0.355906218     ;  -1.54892683    
 -0.357132614     ;  -1.54929948    
 -0.358358532     ;  -1.54967380    
 -0.359583944     ;  -1.55004966    
 -0.360808849     ;  -1.55042720    
 -0.362033248     ;  -1.55080628    
 -0.363257140     ;  -1.55118704    
 -0.364480495     ;  -1.55156934    
 -0.365703344     ;  -1.55195332    
 -0.366925687     ;  -1.55233896    
 -0.368147492     ;  -1.55272615    
 -0.369368792     ;  -1.55311501    
 -0.370589554     ;  -1.55350554    
 -0.371809781     ;  -1.55389774    
 -0.373029470     ;  -1.55429149    
 -0.374248624     ;  -1.55468690    
 -0.375467241     ;  -1.55508399    
 -0.376685321     ;  -1.55548275    
 -0.377902865     ;  -1.55588317    
 -0.379119843     ;  -1.55628526    
 -0.380336285     ;  -1.55668902    
 -0.381552160     ;  -1.55709434    
 -0.382767498     ;  -1.55750132    
 -0.383982271     ;  -1.55790997    
 -0.385196477     ;  -1.55832028    
 -0.386410117     ;  -1.55873227    
 -0.387623191     ;  -1.55914605    
 -0.388835698     ;  -1.55956149    
 -0.390047640     ;  -1.55997860    
 -0.391258985     ;  -1.56039739    
 -0.392469764     ;  -1.56081784    
 -0.393679947     ;  -1.56123996    
 -0.394889563     ;  -1.56166387    
 -0.396098584     ;  -1.56208944    
 -0.397307009     ;  -1.56251669    
 -0.398514837     ;  -1.56294560    
 -0.399722070     ;  -1.56337631    
 -0.400928706     ;  -1.56380868    
 -0.402134717     ;  -1.56424272    
 -0.403340131     ;  -1.56467855    
 -0.404544950     ;  -1.56511605    
 -0.405749142     ;  -1.56555533    
 -0.406952709     ;  -1.56599629    
 -0.408155650     ;  -1.56643903    
 -0.409357965     ;  -1.56688344    
 -0.410559654     ;  -1.56732965    
 -0.411760718     ;  -1.56777751    
 -0.412961155     ;  -1.56822717    
 -0.414160967     ;  -1.56867862    
 -0.415360123     ;  -1.56913173    
 -0.416558623     ;  -1.56958663    
 -0.417756498     ;  -1.57004333    
 -0.418953717     ;  -1.57050180    
 -0.420150280     ;  -1.57096195    
 -0.421346188     ;  -1.57142389    
 -0.422541440     ;  -1.57188761    
 -0.423736006     ;  -1.57235312    
 -0.424929917     ;  -1.57282043    
 -0.426123142     ;  -1.57328951    
 -0.427315712     ;  -1.57376039    
 -0.428507596     ;  -1.57423306    
 -0.429698795     ;  -1.57470751    
 -0.430889308     ;  -1.57518375    
 -0.432079136     ;  -1.57566178    
 -0.433268279     ;  -1.57614160    
 -0.434456736     ;  -1.57662320    
 -0.435644478     ;  -1.57710660    
 -0.436831504     ;  -1.57759190    
 -0.438017845     ;  -1.57807899    
 -0.439203471     ;  -1.57856786    
 -0.440388381     ;  -1.57905853    
 -0.441572577     ;  -1.57955110    
 -0.442756057     ;  -1.58004546    
 -0.443938792     ;  -1.58054161    
 -0.445120811     ;  -1.58103967    
 -0.446302086     ;  -1.58153951    
 -0.447482646     ;  -1.58204126    
 -0.448662460     ;  -1.58254480    
 -0.449841529     ;  -1.58305025    
 -0.451019853     ;  -1.58355749    
 -0.452197403     ;  -1.58406663    
 -0.453374207     ;  -1.58457768    
 -0.454550266     ;  -1.58509052    
 -0.455725551     ;  -1.58560526    
 -0.456900060     ;  -1.58612192    
 -0.458073795     ;  -1.58664048    
 -0.459246755     ;  -1.58716083    
 -0.460418940     ;  -1.58768308    
 -0.461590350     ;  -1.58820724    
 -0.462760955     ;  -1.58873332    
 -0.463930786     ;  -1.58926129    
 -0.465099812     ;  -1.58979118    
 -0.466268033     ;  -1.59032297    
 -0.467435449     ;  -1.59085667    
 -0.468602061     ;  -1.59139228    
 -0.469767869     ;  -1.59192979    
 -0.470932871     ;  -1.59246922    
 -0.472097039     ;  -1.59301066    
 -0.473260373     ;  -1.59355402    
 -0.474422872     ;  -1.59409928    
 -0.475584537     ;  -1.59464645    
 -0.476745367     ;  -1.59519565    
 -0.477905363     ;  -1.59574676    
 -0.479064524     ;  -1.59629977    
 -0.480222821     ;  -1.59685481    
 -0.481380254     ;  -1.59741175    
 -0.482536852     ;  -1.59797072    
 -0.483692586     ;  -1.59853160    
 -0.484847426     ;  -1.59909451    
 -0.486001402     ;  -1.59965944    
 -0.487154514     ;  -1.60022628    
 -0.488306731     ;  -1.60079515    
 -0.489458054     ;  -1.60136604    
 -0.490608484     ;  -1.60193896    
 -0.491758019     ;  -1.60251379    
 -0.492906660     ;  -1.60309064    
 -0.494054407     ;  -1.60366952    
 -0.495201230     ;  -1.60425043    
 -0.496347159     ;  -1.60483336    
 -0.497492164     ;  -1.60541832    
 -0.498636246     ;  -1.60600531    
 -0.499779403     ;  -1.60659432    
 -0.500921607     ;  -1.60718536    
 -0.502062857     ;  -1.60777855    
 -0.503203213     ;  -1.60837376    
 -0.504342616     ;  -1.60897100    
 -0.505481064     ;  -1.60957026    
 -0.506618559     ;  -1.61017168    
 -0.507755041     ;  -1.61077511    
 -0.508890569     ;  -1.61138070    
 -0.510025144     ;  -1.61198831    
 -0.511158705     ;  -1.61259806    
 -0.512291312     ;  -1.61320984    
 -0.513422906     ;  -1.61382377    
 -0.514553547     ;  -1.61443973    
 -0.515683174     ;  -1.61505783    
 -0.516811788     ;  -1.61567807    
 -0.517939389     ;  -1.61630046    
 -0.519065976     ;  -1.61692488    
 -0.520191550     ;  -1.61755145    
 -0.521316111     ;  -1.61818016    
 -0.522439599     ;  -1.61881101    
 -0.523562074     ;  -1.61944401    
 -0.524683475     ;  -1.62007916    
 -0.525803864     ;  -1.62071645    
 -0.526923180     ;  -1.62135589    
 -0.528041422     ;  -1.62199759    
 -0.529158592     ;  -1.62264144    
 -0.530274689     ;  -1.62328744    
 -0.531389713     ;  -1.62393570    
 -0.532503664     ;  -1.62458611    
 -0.533616543     ;  -1.62523866    
 -0.534728348     ;  -1.62589347    
 -0.535839021     ;  -1.62655044    
 -0.536948621     ;  -1.62720966    
 -0.538057089     ;  -1.62787116    
 -0.539164424     ;  -1.62853479    
 -0.540270627     ;  -1.62920070    
 -0.541375697     ;  -1.62986887    
 -0.542479634     ;  -1.63053930    
 -0.543582439     ;  -1.63121188    
 -0.544684112     ;  -1.63188672    
 -0.545784652     ;  -1.63256383    
 -0.546884000     ;  -1.63324320    
 -0.547982216     ;  -1.63392496    
 -0.549079239     ;  -1.63460898    
 -0.550175071     ;  -1.63529527    
 -0.551269710     ;  -1.63598382    
 -0.552363157     ;  -1.63667464    
 -0.553455412     ;  -1.63736784    
 -0.554546475     ;  -1.63806331    
 -0.555636287     ;  -1.63876116    
 -0.556724906     ;  -1.63946128    
 -0.557812274     ;  -1.64016378    
 -0.558898449     ;  -1.64086866    
 -0.559983373     ;  -1.64157581    
 -0.561067045     ;  -1.64228535    
 -0.562149465     ;  -1.64299726    
 -0.563230634     ;  -1.64371157    
 -0.564310551     ;  -1.64442825    
 -0.565389156     ;  -1.64514732    
 -0.566466510     ;  -1.64586878    
 -0.567542553     ;  -1.64659262    
 -0.568617284     ;  -1.64731884    
 -0.569690764     ;  -1.64804745    
 -0.570762932     ;  -1.64877844    
 -0.571833730     ;  -1.64951193    
 -0.572903216     ;  -1.65024781    
 -0.573971391     ;  -1.65098619    
 -0.575038195     ;  -1.65172696    
 -0.576103687     ;  -1.65247023    
 -0.577167809     ;  -1.65321600    
 -0.578230560     ;  -1.65396416    
 -0.579291940     ;  -1.65471482    
 -0.580351949     ;  -1.65546799    
 -0.581410587     ;  -1.65622365    
 -0.582467794     ;  -1.65698183    
 -0.583523631     ;  -1.65774250    
 -0.584578037     ;  -1.65850568    
 -0.585631013     ;  -1.65927136    
 -0.586682558     ;  -1.66003966    
 -0.587732673     ;  -1.66081047    
 -0.588781357     ;  -1.66158378    
 -0.589828610     ;  -1.66235971    
 -0.590874374     ;  -1.66313827    
 -0.591918647     ;  -1.66391933    
 -0.592961490     ;  -1.66470301    
 -0.594002843     ;  -1.66548932    
 -0.595042706     ;  -1.66627824    
 -0.596081018     ;  -1.66706967    
 -0.597117841     ;  -1.66786373    
