   1.50000000     ;   0.00000000    
   1.49999893     ;  -1.28594332E-03
   1.49999678     ;  -2.57188571E-03
   1.49999344     ;  -3.85782612E-03
   1.49998903     ;  -5.14376396E-03
   1.49998355     ;  -6.42969785E-03
   1.49997699     ;  -7.71562709E-03
   1.49996924     ;  -9.00155026E-03
   1.49996042     ;  -1.02874674E-02
   1.49995053     ;  -1.15733771E-02
   1.49993956     ;  -1.28592774E-02
   1.49992740     ;  -1.41451685E-02
   1.49991417     ;  -1.54310493E-02
   1.49989986     ;  -1.67169198E-02
   1.49988449     ;  -1.80027764E-02
   1.49986792     ;  -1.92886200E-02
   1.49985027     ;  -2.05744505E-02
   1.49983156     ;  -2.18602661E-02
   1.49981177     ;  -2.31460650E-02
   1.49979079     ;  -2.44318470E-02
   1.49976873     ;  -2.57176105E-02
   1.49974561     ;  -2.70033553E-02
   1.49972141     ;  -2.82890797E-02
   1.49969602     ;  -2.95747835E-02
   1.49966955     ;  -3.08604669E-02
   1.49964201     ;  -3.21461260E-02
   1.49961340     ;  -3.34317610E-02
   1.49958360     ;  -3.47173735E-02
   1.49955273     ;  -3.60029601E-02
   1.49952078     ;  -3.72885205E-02
   1.49948776     ;  -3.85740511E-02
   1.49945354     ;  -3.98595557E-02
   1.49941826     ;  -4.11450304E-02
   1.49938190     ;  -4.24304754E-02
   1.49934447     ;  -4.37158905E-02
   1.49930584     ;  -4.50012721E-02
   1.49926615     ;  -4.62866202E-02
   1.49922538     ;  -4.75719348E-02
   1.49918354     ;  -4.88572121E-02
   1.49914050     ;  -5.01424558E-02
   1.49909639     ;  -5.14276624E-02
   1.49905121     ;  -5.27128316E-02
   1.49900496     ;  -5.39979599E-02
   1.49895751     ;  -5.52830510E-02
   1.49890900     ;  -5.65681010E-02
   1.49885941     ;  -5.78531101E-02
   1.49880874     ;  -5.91380745E-02
   1.49875700     ;  -6.04229979E-02
   1.49870408     ;  -6.17078766E-02
   1.49865007     ;  -6.29927069E-02
   1.49859500     ;  -6.42774925E-02
   1.49853885     ;  -6.55622333E-02
   1.49848151     ;  -6.68469220E-02
   1.49842310     ;  -6.81315660E-02
   1.49836361     ;  -6.94161579E-02
   1.49830306     ;  -7.07006976E-02
   1.49824131     ;  -7.19851851E-02
   1.49817848     ;  -7.32696205E-02
   1.49811459     ;  -7.45540038E-02
   1.49804962     ;  -7.58383274E-02
   1.49798346     ;  -7.71225989E-02
   1.49791622     ;  -7.84068108E-02
   1.49784791     ;  -7.96909705E-02
   1.49777853     ;  -8.09750706E-02
   1.49770796     ;  -8.22591111E-02
   1.49763632     ;  -8.35430920E-02
   1.49756360     ;  -8.48270059E-02
   1.49748981     ;  -8.61108601E-02
   1.49741495     ;  -8.73946548E-02
   1.49733889     ;  -8.86783823E-02
   1.49726176     ;  -8.99620429E-02
   1.49718356     ;  -9.12456363E-02
   1.49710429     ;  -9.25291628E-02
   1.49702382     ;  -9.38126221E-02
   1.49694228     ;  -9.50960144E-02
   1.49685967     ;  -9.63793397E-02
   1.49677598     ;  -9.76625904E-02
   1.49669111     ;  -9.89457667E-02
   1.49660516     ; -0.100228876    
   1.49651814     ; -0.101511911    
   1.49643004     ; -0.102794871    
   1.49634087     ; -0.104077756    
   1.49625051     ; -0.105360560    
   1.49615908     ; -0.106643289    
   1.49606657     ; -0.107925937    
   1.49597299     ; -0.109208509    
   1.49587822     ; -0.110491000    
   1.49578238     ; -0.111773409    
   1.49568546     ; -0.113055736    
   1.49558747     ; -0.114337981    
   1.49548841     ; -0.115620144    
   1.49538815     ; -0.116902217    
   1.49528682     ; -0.118184209    
   1.49518442     ; -0.119466111    
   1.49508095     ; -0.120747924    
   1.49497628     ; -0.122029647    
   1.49487054     ; -0.123311281    
   1.49476373     ; -0.124592826    
   1.49465585     ; -0.125874281    
   1.49454689     ; -0.127155647    
   1.49443674     ; -0.128436923    
   1.49432552     ; -0.129718095    
   1.49421322     ; -0.130999178    
   1.49409986     ; -0.132280156    
   1.49398541     ; -0.133561045    
   1.49386978     ; -0.134841830    
   1.49375308     ; -0.136122525    
   1.49363530     ; -0.137403116    
   1.49351645     ; -0.138683602    
   1.49339652     ; -0.139963984    
   1.49327540     ; -0.141244262    
   1.49315321     ; -0.142524436    
   1.49302995     ; -0.143804505    
   1.49290562     ; -0.145084471    
   1.49278009     ; -0.146364331    
   1.49265349     ; -0.147644088    
   1.49252582     ; -0.148923740    
   1.49239707     ; -0.150203273    
   1.49226725     ; -0.151482701    
   1.49213624     ; -0.152762011    
   1.49200416     ; -0.154041216    
   1.49187100     ; -0.155320302    
   1.49173677     ; -0.156599283    
   1.49160147     ; -0.157878146    
   1.49146509     ; -0.159156889    
   1.49132752     ; -0.160435513    
   1.49118888     ; -0.161714017    
   1.49104917     ; -0.162992403    
   1.49090838     ; -0.164270669    
   1.49076653     ; -0.165548816    
   1.49062347     ; -0.166826844    
   1.49047935     ; -0.168104753    
   1.49033415     ; -0.169382542    
   1.49018788     ; -0.170660198    
   1.49004054     ; -0.171937734    
   1.48989201     ; -0.173215136    
   1.48974240     ; -0.174492419    
   1.48959172     ; -0.175769567    
   1.48943996     ; -0.177046582    
   1.48928714     ; -0.178323478    
   1.48913312     ; -0.179600239    
   1.48897803     ; -0.180876866    
   1.48882186     ; -0.182153359    
   1.48866463     ; -0.183429718    
   1.48850632     ; -0.184705943    
   1.48834693     ; -0.185982034    
   1.48818636     ; -0.187257990    
   1.48802471     ; -0.188533813    
   1.48786199     ; -0.189809486    
   1.48769820     ; -0.191085026    
   1.48753333     ; -0.192360431    
   1.48736739     ; -0.193635687    
   1.48720026     ; -0.194910794    
   1.48703206     ; -0.196185768    
   1.48686278     ; -0.197460592    
   1.48669243     ; -0.198735267    
   1.48652101     ; -0.200009808    
   1.48634851     ; -0.201284200    
   1.48617482     ; -0.202558443    
   1.48600006     ; -0.203832537    
   1.48582423     ; -0.205106482    
   1.48564732     ; -0.206380278    
   1.48546934     ; -0.207653925    
   1.48529029     ; -0.208927408    
   1.48511004     ; -0.210200742    
   1.48492873     ; -0.211473927    
   1.48474634     ; -0.212746948    
   1.48456287     ; -0.214019820    
   1.48437834     ; -0.215292528    
   1.48419273     ; -0.216565087    
   1.48400605     ; -0.217837483    
   1.48381817     ; -0.219109714    
   1.48362923     ; -0.220381781    
   1.48343921     ; -0.221653685    
   1.48324811     ; -0.222925439    
   1.48305595     ; -0.224197030    
   1.48286271     ; -0.225468442    
   1.48266828     ; -0.226739690    
   1.48247278     ; -0.228010774    
   1.48227620     ; -0.229281694    
   1.48207855     ; -0.230552450    
   1.48187983     ; -0.231823027    
   1.48168004     ; -0.233093441    
   1.48147917     ; -0.234363675    
   1.48127723     ; -0.235633746    
   1.48107409     ; -0.236903638    
   1.48086989     ; -0.238173351    
   1.48066461     ; -0.239442900    
   1.48045826     ; -0.240712270    
   1.48025084     ; -0.241981462    
   1.48004234     ; -0.243250474    
   1.47983277     ; -0.244519308    
   1.47962201     ; -0.245787963    
   1.47941017     ; -0.247056440    
   1.47919726     ; -0.248324737    
   1.47898328     ; -0.249592856    
   1.47876823     ; -0.250860780    
   1.47855210     ; -0.252128512    
   1.47833490     ; -0.253396064    
   1.47811663     ; -0.254663438    
   1.47789729     ; -0.255930632    
   1.47767675     ; -0.257197618    
   1.47745514     ; -0.258464426    
   1.47723246     ; -0.259731054    
   1.47700870     ; -0.260997474    
   1.47678387     ; -0.262263715    
   1.47655797     ; -0.263529748    
   1.47633100     ; -0.264795601    
   1.47610295     ; -0.266061246    
   1.47587383     ; -0.267326713    
   1.47564352     ; -0.268591970    
   1.47541213     ; -0.269857049    
   1.47517967     ; -0.271121919    
   1.47494614     ; -0.272386581    
   1.47471154     ; -0.273651034    
   1.47447586     ; -0.274915308    
   1.47423911     ; -0.276179373    
   1.47400129     ; -0.277443230    
   1.47376239     ; -0.278706878    
   1.47352242     ; -0.279970318    
   1.47328138     ; -0.281233579    
   1.47303915     ; -0.282496631    
   1.47279584     ; -0.283759475    
   1.47255147     ; -0.285022110    
   1.47230601     ; -0.286284536    
   1.47205949     ; -0.287546754    
   1.47181189     ; -0.288808733    
   1.47156322     ; -0.290070504    
   1.47131348     ; -0.291332066    
   1.47106266     ; -0.292593420    
   1.47081077     ; -0.293854564    
   1.47055781     ; -0.295115501    
   1.47030377     ; -0.296376199    
   1.47004867     ; -0.297636688    
   1.46979249     ; -0.298896968    
   1.46953511     ; -0.300157011    
   1.46927667     ; -0.301416844    
   1.46901715     ; -0.302676439    
   1.46875656     ; -0.303935826    
   1.46849489     ; -0.305194974    
   1.46823215     ; -0.306453913    
   1.46796834     ; -0.307712615    
   1.46770346     ; -0.308971107    
   1.46743751     ; -0.310229361    
   1.46717048     ; -0.311487406    
   1.46690238     ; -0.312745214    
   1.46663320     ; -0.314002782    
   1.46636295     ; -0.315260112    
   1.46609163     ; -0.316517234    
   1.46581924     ; -0.317774117    
   1.46554577     ; -0.319030762    
   1.46527123     ; -0.320287168    
   1.46499562     ; -0.321543336    
   1.46471894     ; -0.322799265    
   1.46444118     ; -0.324054956    
   1.46416235     ; -0.325310409    
   1.46388245     ; -0.326565623    
   1.46360147     ; -0.327820599    
   1.46331930     ; -0.329075336    
   1.46303606     ; -0.330329835    
   1.46275175     ; -0.331584096    
   1.46246636     ; -0.332838118    
   1.46217990     ; -0.334091902    
   1.46189237     ; -0.335345417    
   1.46160376     ; -0.336598694    
   1.46131408     ; -0.337851733    
   1.46102333     ; -0.339104503    
   1.46073151     ; -0.340357035    
   1.46043861     ; -0.341609329    
   1.46014464     ; -0.342861354    
   1.45984960     ; -0.344113141    
   1.45955348     ; -0.345364660    
   1.45925629     ; -0.346615940    
   1.45895803     ; -0.347866952    
   1.45865870     ; -0.349117726    
   1.45835829     ; -0.350368232    
   1.45805681     ; -0.351618469    
   1.45775425     ; -0.352868468    
   1.45745063     ; -0.354118198    
   1.45714593     ; -0.355367661    
   1.45684016     ; -0.356616884    
   1.45653331     ; -0.357865840    
   1.45622540     ; -0.359114528    
   1.45591640     ; -0.360362947    
   1.45560634     ; -0.361611098    
   1.45529532     ; -0.362858981    
   1.45498323     ; -0.364106596    
   1.45467007     ; -0.365353942    
   1.45435584     ; -0.366601020    
   1.45404053     ; -0.367847830    
   1.45372415     ; -0.369094372    
   1.45340669     ; -0.370340645    
   1.45308816     ; -0.371586651    
   1.45276856     ; -0.372832388    
   1.45244789     ; -0.374077857    
   1.45212615     ; -0.375323027    
   1.45180333     ; -0.376567930    
   1.45147943     ; -0.377812564    
   1.45115447     ; -0.379056931    
   1.45082843     ; -0.380300999    
   1.45050132     ; -0.381544799    
   1.45017314     ; -0.382788301    
   1.44984388     ; -0.384031534    
   1.44951355     ; -0.385274470    
   1.44918215     ; -0.386517137    
   1.44884968     ; -0.387759507    
   1.44851613     ; -0.389001608    
   1.44818163     ; -0.390243411    
   1.44784606     ; -0.391484946    
   1.44750941     ; -0.392726183    
   1.44717169     ; -0.393967122    
   1.44683290     ; -0.395207793    
   1.44649303     ; -0.396448165    
   1.44615209     ; -0.397688240    
   1.44581008     ; -0.398928016    
   1.44546700     ; -0.400167495    
   1.44512284     ; -0.401406705    
   1.44477761     ; -0.402645618    
   1.44443130     ; -0.403884232    
   1.44408405     ; -0.405122548    
   1.44373572     ; -0.406360567    
   1.44338632     ; -0.407598287    
   1.44303584     ; -0.408835709    
   1.44268429     ; -0.410072833    
   1.44233167     ; -0.411309659    
   1.44197798     ; -0.412546158    
   1.44162321     ; -0.413782358    
   1.44126737     ; -0.415018260    
   1.44091046     ; -0.416253865    
   1.44055259     ; -0.417489171    
   1.44019365     ; -0.418724149    
   1.43983364     ; -0.419958830    
   1.43947256     ; -0.421193212    
   1.43911040     ; -0.422427267    
   1.43874717     ; -0.423661023    
   1.43838286     ; -0.424894452    
   1.43801749     ; -0.426127583    
   1.43765116     ; -0.427360386    
   1.43728375     ; -0.428592891    
   1.43691528     ; -0.429825068    
   1.43654573     ; -0.431056947    
   1.43617511     ; -0.432288498    
   1.43580341     ; -0.433519721    
   1.43543065     ; -0.434750646    
   1.43505692     ; -0.435981244    
   1.43468213     ; -0.437211514    
   1.43430626     ; -0.438441455    
   1.43392932     ; -0.439671099    
   1.43355131     ; -0.440900415    
   1.43317223     ; -0.442129403    
   1.43279219     ; -0.443358064    
   1.43241107     ; -0.444586396    
   1.43202889     ; -0.445814401    
   1.43164563     ; -0.447042078    
   1.43126130     ; -0.448269427    
   1.43087590     ; -0.449496448    
   1.43048954     ; -0.450723141    
   1.43010211     ; -0.451949507    
   1.42971361     ; -0.453175545    
   1.42932403     ; -0.454401225    
   1.42893338     ; -0.455626577    
   1.42854166     ; -0.456851602    
   1.42814898     ; -0.458076298    
   1.42775524     ; -0.459300667    
   1.42736042     ; -0.460524678    
   1.42696452     ; -0.461748362    
   1.42656755     ; -0.462971687    
   1.42616963     ; -0.464194685    
   1.42577064     ; -0.465417355    
   1.42537057     ; -0.466639668    
   1.42496943     ; -0.467861652    
   1.42456734     ; -0.469083279    
   1.42416418     ; -0.470304549    
   1.42375994     ; -0.471525490    
   1.42335463     ; -0.472746074    
   1.42294824     ; -0.473966330    
   1.42254090     ; -0.475186229    
   1.42213249     ; -0.476405770    
   1.42172301     ; -0.477624953    
   1.42131245     ; -0.478843808    
   1.42090094     ; -0.480062306    
   1.42048836     ; -0.481280446    
   1.42007470     ; -0.482498229    
   1.41965997     ; -0.483715653    
   1.41924429     ; -0.484932721    
   1.41882753     ; -0.486149430    
   1.41840971     ; -0.487365782    
   1.41799080     ; -0.488581777    
   1.41757095     ; -0.489797413    
   1.41715002     ; -0.491012692    
   1.41672802     ; -0.492227614    
   1.41630495     ; -0.493442178    
   1.41588092     ; -0.494656384    
   1.41545582     ; -0.495870233    
   1.41502964     ; -0.497083694    
   1.41460240     ; -0.498296797    
   1.41417420     ; -0.499509543    
   1.41374493     ; -0.500721931    
   1.41331458     ; -0.501933932    
   1.41288328     ; -0.503145576    
   1.41245091     ; -0.504356861    
   1.41201746     ; -0.505567729    
   1.41158295     ; -0.506778240    
   1.41114748     ; -0.507988393    
   1.41071093     ; -0.509198189    
   1.41027331     ; -0.510407567    
   1.40983474     ; -0.511616588    
   1.40939510     ; -0.512825251    
   1.40895438     ; -0.514033556    
   1.40851271     ; -0.515241444    
   1.40806997     ; -0.516448975    
   1.40762615     ; -0.517656088    
   1.40718126     ; -0.518862844    
   1.40673542     ; -0.520069242    
   1.40628850     ; -0.521275222    
   1.40584052     ; -0.522480845    
   1.40539157     ; -0.523686051    
   1.40494156     ; -0.524890900    
   1.40449047     ; -0.526095331    
   1.40403843     ; -0.527299404    
   1.40358531     ; -0.528503120    
   1.40313113     ; -0.529706419    
   1.40267599     ; -0.530909300    
   1.40221977     ; -0.532111824    
   1.40176260     ; -0.533313930    
   1.40130436     ; -0.534515679    
   1.40084505     ; -0.535717010    
   1.40038478     ; -0.536917984    
   1.39992344     ; -0.538118541    
   1.39946103     ; -0.539318681    
   1.39899766     ; -0.540518463    
   1.39853323     ; -0.541717827    
   1.39806771     ; -0.542916775    
   1.39760125     ; -0.544115365    
   1.39713371     ; -0.545313537    
   1.39666522     ; -0.546511292    
   1.39619565     ; -0.547708631    
   1.39572501     ; -0.548905611    
   1.39525342     ; -0.550102174    
   1.39478076     ; -0.551298320    
   1.39430714     ; -0.552494049    
   1.39383245     ; -0.553689420    
   1.39335668     ; -0.554884374    
   1.39287996     ; -0.556078911    
   1.39240217     ; -0.557273030    
   1.39192343     ; -0.558466733    
   1.39144361     ; -0.559660017    
   1.39096272     ; -0.560852885    
   1.39048088     ; -0.562045336    
   1.38999796     ; -0.563237429    
   1.38951409     ; -0.564429104    
   1.38902915     ; -0.565620363    
   1.38854325     ; -0.566811204    
   1.38805628     ; -0.568001628    
   1.38756824     ; -0.569191635    
   1.38707924     ; -0.570381224    
   1.38658917     ; -0.571570396    
   1.38609815     ; -0.572759151    
   1.38560605     ; -0.573947489    
   1.38511300     ; -0.575135350    
   1.38461888     ; -0.576322794    
   1.38412380     ; -0.577509820    
   1.38362765     ; -0.578696430    
   1.38313055     ; -0.579882622    
   1.38263237     ; -0.581068397    
   1.38213313     ; -0.582253754    
   1.38163292     ; -0.583438635    
   1.38113165     ; -0.584623098    
   1.38062942     ; -0.585807145    
   1.38012612     ; -0.586990774    
   1.37962186     ; -0.588173985    
   1.37911654     ; -0.589356720    
   1.37861025     ; -0.590539038    
   1.37810290     ; -0.591720939    
   1.37759459     ; -0.592902422    
   1.37708521     ; -0.594083428    
   1.37657487     ; -0.595264018    
   1.37606347     ; -0.596444190    
   1.37555110     ; -0.597623885    
   1.37503767     ; -0.598803163    
   1.37452328     ; -0.599981964    
   1.37400782     ; -0.601160347    
   1.37349141     ; -0.602338314    
   1.37297404     ; -0.603515804    
   1.37245560     ; -0.604692876    
   1.37193620     ; -0.605869472    
   1.37141573     ; -0.607045650    
   1.37089431     ; -0.608221352    
   1.37037182     ; -0.609396636    
   1.36984837     ; -0.610571444    
   1.36932385     ; -0.611745834    
   1.36879838     ; -0.612919748    
   1.36827183     ; -0.614093244    
   1.36774433     ; -0.615266263    
   1.36721587     ; -0.616438866    
   1.36668634     ; -0.617610991    
   1.36615586     ; -0.618782640    
   1.36562431     ; -0.619953871    
   1.36509180     ; -0.621124625    
   1.36455822     ; -0.622294903    
   1.36402369     ; -0.623464763    
   1.36348820     ; -0.624634147    
   1.36295164     ; -0.625803053    
   1.36241412     ; -0.626971543    
   1.36187553     ; -0.628139555    
   1.36133599     ; -0.629307091    
   1.36079550     ; -0.630474150    
   1.36025393     ; -0.631640792    
   1.35971141     ; -0.632806957    
   1.35916781     ; -0.633972645    
   1.35862327     ; -0.635137856    
   1.35807776     ; -0.636302590    
   1.35753119     ; -0.637466908    
   1.35698366     ; -0.638630748    
   1.35643518     ; -0.639794111    
   1.35588562     ; -0.640956998    
   1.35533512     ; -0.642119408    
   1.35478354     ; -0.643281341    
   1.35423100     ; -0.644442797    
   1.35367751     ; -0.645603776    
   1.35312295     ; -0.646764278    
   1.35256743     ; -0.647924304    
   1.35201097     ; -0.649083853    
   1.35145342     ; -0.650242925    
   1.35089493     ; -0.651401520    
   1.35033548     ; -0.652559638    
   1.34977496     ; -0.653717279    
   1.34921348     ; -0.654874444    
   1.34865105     ; -0.656031132    
   1.34808755     ; -0.657187343    
   1.34752309     ; -0.658343077    
   1.34695768     ; -0.659498334    
   1.34639132     ; -0.660653114    
   1.34582388     ; -0.661807358    
   1.34525549     ; -0.662961125    
   1.34468615     ; -0.664114416    
   1.34411573     ; -0.665267229    
   1.34354436     ; -0.666419566    
   1.34297204     ; -0.667571425    
   1.34239864     ; -0.668722749    
   1.34182429     ; -0.669873595    
   1.34124899     ; -0.671023965    
   1.34067273     ; -0.672173858    
   1.34009540     ; -0.673323214    
   1.33951712     ; -0.674472094    
   1.33893788     ; -0.675620496    
   1.33835769     ; -0.676768363    
   1.33777642     ; -0.677915752    
   1.33719420     ; -0.679062665    
   1.33661103     ; -0.680209041    
   1.33602691     ; -0.681354940    
   1.33544171     ; -0.682500303    
   1.33485556     ; -0.683645189    
   1.33426845     ; -0.684789598    
   1.33368039     ; -0.685933471    
   1.33309126     ; -0.687076867    
   1.33250117     ; -0.688219726    
   1.33191013     ; -0.689362109    
   1.33131814     ; -0.690503955    
   1.33072519     ; -0.691645324    
   1.33013117     ; -0.692786157    
   1.32953620     ; -0.693926513    
   1.32894027     ; -0.695066333    
   1.32834339     ; -0.696205616    
   1.32774556     ; -0.697344422    
   1.32714665     ; -0.698482692    
   1.32654679     ; -0.699620485    
   1.32594597     ; -0.700757742    
   1.32534420     ; -0.701894462    
   1.32474148     ; -0.703030705    
   1.32413769     ; -0.704166412    
   1.32353294     ; -0.705301583    
   1.32292724     ; -0.706436276    
   1.32232058     ; -0.707570434    
   1.32171297     ; -0.708704054    
   1.32110441     ; -0.709837198    
   1.32049489     ; -0.710969806    
   1.31988430     ; -0.712101877    
   1.31927276     ; -0.713233411    
   1.31866026     ; -0.714364409    
   1.31804681     ; -0.715494931    
   1.31743240     ; -0.716624916    
   1.31681705     ; -0.717754364    
   1.31620073     ; -0.718883276    
   1.31558335     ; -0.720011652    
   1.31496501     ; -0.721139491    
   1.31434572     ; -0.722266853    
   1.31372547     ; -0.723393679    
   1.31310427     ; -0.724519968    
   1.31248212     ; -0.725645721    
   1.31185901     ; -0.726770937    
   1.31123495     ; -0.727895617    
   1.31060994     ; -0.729019761    
   1.30998397     ; -0.730143368    
   1.30935705     ; -0.731266439    
   1.30872905     ; -0.732388973    
   1.30810010     ; -0.733510971    
   1.30747020     ; -0.734632432    
   1.30683935     ; -0.735753357    
   1.30620754     ; -0.736873746    
   1.30557477     ; -0.737993598    
   1.30494106     ; -0.739112854    
   1.30430639     ; -0.740231574    
   1.30367076     ; -0.741349757    
   1.30303419     ; -0.742467403    
   1.30239666     ; -0.743584514    
   1.30175817     ; -0.744701087    
   1.30111873     ; -0.745817125    
   1.30047834     ; -0.746932566    
   1.29983699     ; -0.748047471    
   1.29919469     ; -0.749161839    
   1.29855144     ; -0.750275671    
   1.29790723     ; -0.751388907    
   1.29726207     ; -0.752501607    
   1.29661596     ; -0.753613770    
   1.29596889     ; -0.754725397    
   1.29532087     ; -0.755836427    
   1.29467189     ; -0.756946921    
   1.29402196     ; -0.758056879    
   1.29337108     ; -0.759166241    
   1.29271924     ; -0.760275066    
   1.29206645     ; -0.761383355    
   1.29141271     ; -0.762491047    
   1.29075801     ; -0.763598204    
   1.29010236     ; -0.764704764    
   1.28944576     ; -0.765810788    
   1.28878820     ; -0.766916275    
   1.28812969     ; -0.768021166    
   1.28747022     ; -0.769125521    
   1.28680980     ; -0.770229280    
   1.28614843     ; -0.771332502    
   1.28548610     ; -0.772435129    
   1.28482282     ; -0.773537219    
   1.28415859     ; -0.774638712    
   1.28349352     ; -0.775739610    
   1.28282750     ; -0.776839972    
   1.28216052     ; -0.777939737    
   1.28149259     ; -0.779038966    
   1.28082371     ; -0.780137599    
   1.28015387     ; -0.781235695    
   1.27948308     ; -0.782333195    
   1.27881134     ; -0.783430099    
   1.27813864     ; -0.784526467    
   1.27746499     ; -0.785622239    
   1.27679050     ; -0.786717415    
   1.27611506     ; -0.787812054    
   1.27543867     ; -0.788906097    
   1.27476132     ; -0.789999545    
   1.27408302     ; -0.791092396    
   1.27340376     ; -0.792184711    
   1.27272356     ; -0.793276429    
   1.27204251     ; -0.794367552    
   1.27136052     ; -0.795458078    
   1.27067757     ; -0.796548009    
   1.26999366     ; -0.797637403    
   1.26930881     ; -0.798726201    
   1.26862299     ; -0.799814403    
   1.26793635     ; -0.800902009    
   1.26724875     ; -0.801989019    
   1.26656020     ; -0.803075433    
   1.26587069     ; -0.804161251    
   1.26518023     ; -0.805246472    
   1.26448882     ; -0.806331158    
   1.26379657     ; -0.807415247    
   1.26310337     ; -0.808498740    
   1.26240921     ; -0.809581637    
   1.26171410     ; -0.810663939    
   1.26101816     ; -0.811745644    
   1.26032126     ; -0.812826753    
   1.25962341     ; -0.813907266    
   1.25892460     ; -0.814987183    
   1.25822484     ; -0.816066504    
   1.25752425     ; -0.817145228    
   1.25682271     ; -0.818223298    
   1.25612020     ; -0.819300771    
   1.25541675     ; -0.820377648    
   1.25471246     ; -0.821453929    
   1.25400722     ; -0.822529614    
   1.25330102     ; -0.823604703    
   1.25259387     ; -0.824679196    
   1.25188589     ; -0.825753093    
   1.25117695     ; -0.826826334    
   1.25046706     ; -0.827898979    
   1.24975634     ; -0.828971028    
   1.24904466     ; -0.830042481    
   1.24833202     ; -0.831113279    
   1.24761844     ; -0.832183480    
   1.24690402     ; -0.833253086    
   1.24618864     ; -0.834322095    
   1.24547231     ; -0.835390449    
   1.24475515     ; -0.836458206    
   1.24403703     ; -0.837525368    
   1.24331796     ; -0.838591874    
   1.24259806     ; -0.839657784    
   1.24187720     ; -0.840723097    
   1.24115539     ; -0.841787755    
   1.24043274     ; -0.842851818    
   1.23970914     ; -0.843915284    
   1.23898458     ; -0.844978094    
   1.23825920     ; -0.846040308    
   1.23753285     ; -0.847101867    
   1.23680568     ; -0.848162830    
   1.23607755     ; -0.849223137    
   1.23534846     ; -0.850282848    
   1.23461854     ; -0.851341963    
   1.23388767     ; -0.852400422    
   1.23315585     ; -0.853458285    
   1.23242319     ; -0.854515493    
   1.23168957     ; -0.855572045    
   1.23095512     ; -0.856628001    
   1.23021972     ; -0.857683301    
   1.22948337     ; -0.858738005    
   1.22874618     ; -0.859792054    
   1.22800803     ; -0.860845506    
   1.22726905     ; -0.861898303    
   1.22652912     ; -0.862950444    
   1.22578835     ; -0.864001989    
   1.22504663     ; -0.865052879    
   1.22430396     ; -0.866103113    
   1.22356045     ; -0.867152750    
   1.22281599     ; -0.868201733    
   1.22207069     ; -0.869250059    
   1.22132444     ; -0.870297790    
   1.22057736     ; -0.871344864    
   1.21982932     ; -0.872391284    
   1.21908045     ; -0.873437047    
   1.21833062     ; -0.874482214    
   1.21757996     ; -0.875526726    
   1.21682835     ; -0.876570582    
   1.21607590     ; -0.877613783    
   1.21532249     ; -0.878656328    
   1.21456826     ; -0.879698277    
   1.21381307     ; -0.880739570    
   1.21305704     ; -0.881780207    
   1.21230006     ; -0.882820189    
   1.21154225     ; -0.883859515    
   1.21078348     ; -0.884898186    
   1.21002388     ; -0.885936201    
   1.20926332     ; -0.886973560    
   1.20850194     ; -0.888010263    
   1.20773959     ; -0.889046311    
   1.20697641     ; -0.890081704    
   1.20621228     ; -0.891116440    
   1.20544732     ; -0.892150581    
   1.20468152     ; -0.893184066    
   1.20391476     ; -0.894216835    
   1.20314717     ; -0.895248950    
   1.20237863     ; -0.896280408    
   1.20160925     ; -0.897311211    
   1.20083892     ; -0.898341358    
   1.20006776     ; -0.899370849    
   1.19929576     ; -0.900399685    
   1.19852281     ; -0.901427865    
   1.19774902     ; -0.902455389    
   1.19697428     ; -0.903482258    
   1.19619870     ; -0.904508471    
   1.19542229     ; -0.905533969    
   1.19464493     ; -0.906558812    
   1.19386673     ; -0.907582998    
   1.19308770     ; -0.908606529    
   1.19230771     ; -0.909629405    
   1.19152689     ; -0.910651624    
   1.19074523     ; -0.911673129    
   1.18996263     ; -0.912693977    
   1.18917918     ; -0.913714170    
   1.18839490     ; -0.914733708    
   1.18760967     ; -0.915752530    
   1.18682361     ; -0.916770697    
   1.18603671     ; -0.917788208    
   1.18524885     ; -0.918805003    
   1.18446016     ; -0.919821143    
   1.18367064     ; -0.920836627    
   1.18288016     ; -0.921851397    
   1.18208885     ; -0.922865510    
   1.18129671     ; -0.923878968    
   1.18050361     ; -0.924891710    
   1.17970967     ; -0.925903797    
   1.17891490     ; -0.926915169    
   1.17811930     ; -0.927925885    
   1.17732275     ; -0.928935885    
   1.17652535     ; -0.929945230    
   1.17572713     ; -0.930953920    
   1.17492807     ; -0.931961894    
   1.17412806     ; -0.932969213    
   1.17332721     ; -0.933975816    
   1.17252553     ; -0.934981763    
   1.17172301     ; -0.935986996    
   1.17091954     ; -0.936991572    
   1.17011523     ; -0.937995434    
   1.16931009     ; -0.938998580    
   1.16850412     ; -0.940001070    
   1.16769731     ; -0.941002846    
   1.16688955     ; -0.942003965    
   1.16608095     ; -0.943004370    
   1.16527152     ; -0.944004059    
   1.16446126     ; -0.945003092    
   1.16365016     ; -0.946001410    
   1.16283810     ; -0.946999013    
   1.16202521     ; -0.947995961    
   1.16121149     ; -0.948992193    
   1.16039693     ; -0.949987710    
   1.15958154     ; -0.950982571    
   1.15876532     ; -0.951976717    
   1.15794814     ; -0.952970147    
   1.15713012     ; -0.953962862    
   1.15631127     ; -0.954954922    
   1.15549159     ; -0.955946267    
   1.15467107     ; -0.956936896    
   1.15384972     ; -0.957926810    
   1.15302753     ; -0.958916008    
   1.15220439     ; -0.959904552    
   1.15138042     ; -0.960892379    
   1.15055561     ; -0.961879492    
   1.14972997     ; -0.962865889    
   1.14890349     ; -0.963851571    
   1.14807618     ; -0.964836538    
   1.14724803     ; -0.965820789    
   1.14641905     ; -0.966804385    
   1.14558923     ; -0.967787266    
   1.14475858     ; -0.968769431    
   1.14392710     ; -0.969750881    
   1.14309478     ; -0.970731616    
   1.14226162     ; -0.971711636    
   1.14142752     ; -0.972690940    
   1.14059258     ; -0.973669529    
   1.13975680     ; -0.974647403    
   1.13892019     ; -0.975624561    
   1.13808274     ; -0.976601005    
   1.13724446     ; -0.977576733    
   1.13640535     ; -0.978551745    
   1.13556540     ; -0.979526043    
   1.13472462     ; -0.980499625    
   1.13388300     ; -0.981472433    
   1.13304055     ; -0.982444525    
   1.13219726     ; -0.983415902    
   1.13135314     ; -0.984386563    
   1.13050818     ; -0.985356510    
   1.12966239     ; -0.986325741    
   1.12881577     ; -0.987294257    
   1.12796831     ; -0.988261998    
   1.12712002     ; -0.989229023    
   1.12627101     ; -0.990195334    
   1.12542117     ; -0.991160929    
   1.12457049     ; -0.992125809    
   1.12371898     ; -0.993089914    
   1.12286663     ; -0.994053304    
   1.12201345     ; -0.995015979    
   1.12115943     ; -0.995977938    
   1.12030458     ; -0.996939123    
   1.11944890     ; -0.997899592    
   1.11859238     ; -0.998859346    
   1.11773503     ; -0.999818325    
   1.11687684     ;  -1.00077665    
   1.11601782     ;  -1.00173414    
   1.11515808     ;  -1.00269091    
   1.11429751     ;  -1.00364697    
   1.11343610     ;  -1.00460231    
   1.11257386     ;  -1.00555694    
   1.11171079     ;  -1.00651073    
   1.11084688     ;  -1.00746381    
   1.10998213     ;  -1.00841618    
   1.10911667     ;  -1.00936782    
   1.10825038     ;  -1.01031876    
   1.10738325     ;  -1.01126885    
   1.10651529     ;  -1.01221824    
   1.10564649     ;  -1.01316690    
   1.10477686     ;  -1.01411486    
   1.10390651     ;  -1.01506197    
   1.10303533     ;  -1.01600838    
   1.10216331     ;  -1.01695406    
   1.10129046     ;  -1.01789904    
   1.10041678     ;  -1.01884317    
   1.09954238     ;  -1.01978660    
   1.09866714     ;  -1.02072930    
   1.09779108     ;  -1.02167118    
   1.09691417     ;  -1.02261233    
   1.09603643     ;  -1.02355278    
   1.09515798     ;  -1.02449250    
   1.09427869     ;  -1.02543139    
   1.09339857     ;  -1.02636957    
   1.09251761     ;  -1.02730703    
   1.09163594     ;  -1.02824366    
   1.09075344     ;  -1.02917957    
   1.08987010     ;  -1.03011477    
   1.08898604     ;  -1.03104913    
   1.08810115     ;  -1.03198278    
   1.08721542     ;  -1.03291559    
   1.08632886     ;  -1.03384769    
   1.08544159     ;  -1.03477907    
   1.08455348     ;  -1.03570962    
   1.08366454     ;  -1.03663945    
   1.08277488     ;  -1.03756857    
   1.08188438     ;  -1.03849685    
   1.08099306     ;  -1.03942442    
   1.08010101     ;  -1.04035115    
   1.07920814     ;  -1.04127717    
   1.07831442     ;  -1.04220247    
   1.07742000     ;  -1.04312694    
   1.07652473     ;  -1.04405069    
   1.07562864     ;  -1.04497361    
   1.07473183     ;  -1.04589581    
   1.07383418     ;  -1.04681718    
   1.07293570     ;  -1.04773784    
   1.07203650     ;  -1.04865766    
   1.07113647     ;  -1.04957676    
   1.07023573     ;  -1.05049503    
   1.06933415     ;  -1.05141258    
   1.06843174     ;  -1.05232942    
   1.06752861     ;  -1.05324543    
   1.06662464     ;  -1.05416071    
   1.06571996     ;  -1.05507517    
   1.06481445     ;  -1.05598891    
   1.06390810     ;  -1.05690181    
   1.06300104     ;  -1.05781388    
   1.06209314     ;  -1.05872524    
   1.06118453     ;  -1.05963576    
   1.06027508     ;  -1.06054556    
   1.05936491     ;  -1.06145453    
   1.05845392     ;  -1.06236279    
   1.05754220     ;  -1.06327021    
   1.05662966     ;  -1.06417692    
   1.05571640     ;  -1.06508279    
   1.05480230     ;  -1.06598794    
   1.05388749     ;  -1.06689227    
   1.05297184     ;  -1.06779575    
   1.05205548     ;  -1.06869853    
   1.05113828     ;  -1.06960046    
   1.05022037     ;  -1.07050169    
   1.04930162     ;  -1.07140207    
   1.04838216     ;  -1.07230163    
   1.04746187     ;  -1.07320046    
   1.04654086     ;  -1.07409847    
   1.04561901     ;  -1.07499576    
   1.04469645     ;  -1.07589221    
   1.04377306     ;  -1.07678783    
   1.04284894     ;  -1.07768273    
   1.04192400     ;  -1.07857680    
   1.04099834     ;  -1.07947004    
   1.04007196     ;  -1.08036256    
   1.03914475     ;  -1.08125424    
   1.03821683     ;  -1.08214509    
   1.03728807     ;  -1.08303523    
   1.03635859     ;  -1.08392453    
   1.03542840     ;  -1.08481300    
   1.03449738     ;  -1.08570075    
   1.03356564     ;  -1.08658767    
   1.03263307     ;  -1.08747375    
   1.03169978     ;  -1.08835912    
   1.03076577     ;  -1.08924365    
   1.02983093     ;  -1.09012735    
   1.02889538     ;  -1.09101021    
   1.02795911     ;  -1.09189236    
   1.02702200     ;  -1.09277368    
   1.02608418     ;  -1.09365416    
   1.02514565     ;  -1.09453392    
   1.02420628     ;  -1.09541285    
   1.02326620     ;  -1.09629095    
   1.02232540     ;  -1.09716821    
   1.02138376     ;  -1.09804463    
   1.02044141     ;  -1.09892035    
   1.01949835     ;  -1.09979522    
   1.01855445     ;  -1.10066926    
   1.01760983     ;  -1.10154247    
   1.01666451     ;  -1.10241497    
   1.01571846     ;  -1.10328662    
   1.01477158     ;  -1.10415745    
   1.01382399     ;  -1.10502744    
   1.01287568     ;  -1.10589659    
   1.01192665     ;  -1.10676503    
   1.01097679     ;  -1.10763264    
   1.01002622     ;  -1.10849941    
   1.00907493     ;  -1.10936534    
   1.00812292     ;  -1.11023045    
   1.00717008     ;  -1.11109471    
   1.00621653     ;  -1.11195827    
   1.00526226     ;  -1.11282098    
   1.00430727     ;  -1.11368287    
   1.00335157     ;  -1.11454391    
   1.00239503     ;  -1.11540413    
   1.00143778     ;  -1.11626351    
   1.00047982     ;  -1.11712205    
  0.999521136     ;  -1.11797976    
  0.998561680     ;  -1.11883676    
  0.997601509     ;  -1.11969292    
  0.996640623     ;  -1.12054825    
  0.995679021     ;  -1.12140274    
  0.994716644     ;  -1.12225640    
  0.993753552     ;  -1.12310922    
  0.992789745     ;  -1.12396121    
  0.991825163     ;  -1.12481236    
  0.990859866     ;  -1.12566268    
  0.989893854     ;  -1.12651217    
  0.988927126     ;  -1.12736082    
  0.987959683     ;  -1.12820864    
  0.986991465     ;  -1.12905562    
  0.986022532     ;  -1.12990177    
  0.985052884     ;  -1.13074708    
  0.984082520     ;  -1.13159156    
  0.983111441     ;  -1.13243520    
  0.982139647     ;  -1.13327813    
  0.981167078     ;  -1.13412023    
  0.980193794     ;  -1.13496149    
  0.979219794     ;  -1.13580191    
  0.978245080     ;  -1.13664150    
  0.977269650     ;  -1.13748026    
  0.976293504     ;  -1.13831806    
  0.975316644     ;  -1.13915503    
  0.974339068     ;  -1.13999116    
  0.973360777     ;  -1.14082646    
  0.972381771     ;  -1.14166093    
  0.971402049     ;  -1.14249456    
  0.970421612     ;  -1.14332736    
  0.969440460     ;  -1.14415932    
  0.968458593     ;  -1.14499044    
  0.967476010     ;  -1.14582074    
  0.966492712     ;  -1.14665020    
  0.965508699     ;  -1.14747882    
  0.964523971     ;  -1.14830661    
  0.963538527     ;  -1.14913356    
  0.962552369     ;  -1.14995968    
  0.961565554     ;  -1.15078497    
  0.960578024     ;  -1.15160942    
  0.959589779     ;  -1.15243292    
  0.958600819     ;  -1.15325558    
  0.957611144     ;  -1.15407741    
  0.956620753     ;  -1.15489841    
  0.955629647     ;  -1.15571856    
  0.954637885     ;  -1.15653789    
  0.953645408     ;  -1.15735638    
  0.952652216     ;  -1.15817404    
  0.951658309     ;  -1.15899074    
  0.950663745     ;  -1.15980661    
  0.949668467     ;  -1.16062164    
  0.948672473     ;  -1.16143584    
  0.947675765     ;  -1.16224921    
  0.946678400     ;  -1.16306174    
  0.945680320     ;  -1.16387343    
  0.944681525     ;  -1.16468418    
  0.943682075     ;  -1.16549408    
  0.942681909     ;  -1.16630316    
  0.941681027     ;  -1.16711140    
  0.940679491     ;  -1.16791880    
  0.939677238     ;  -1.16872525    
  0.938674331     ;  -1.16953087    
  0.937670708     ;  -1.17033565    
  0.936666369     ;  -1.17113960    
  0.935661376     ;  -1.17194271    
  0.934655666     ;  -1.17274487    
  0.933649302     ;  -1.17354620    
  0.932642221     ;  -1.17434669    
  0.931634486     ;  -1.17514634    
  0.930626035     ;  -1.17594504    
  0.929616928     ;  -1.17674291    
  0.928607106     ;  -1.17753994    
  0.927596629     ;  -1.17833614    
  0.926585436     ;  -1.17913139    
  0.925573587     ;  -1.17992580    
  0.924561083     ;  -1.18071938    
  0.923547864     ;  -1.18151200    
  0.922533989     ;  -1.18230379    
  0.921519399     ;  -1.18309474    
  0.920504153     ;  -1.18388486    
  0.919488251     ;  -1.18467402    
  0.918471634     ;  -1.18546236    
  0.917454362     ;  -1.18624985    
  0.916436434     ;  -1.18703640    
  0.915417790     ;  -1.18782210    
  0.914398491     ;  -1.18860698    
  0.913378537     ;  -1.18939090    
  0.912357867     ;  -1.19017398    
  0.911336541     ;  -1.19095623    
  0.910314560     ;  -1.19173753    
  0.909291923     ;  -1.19251800    
  0.908268571     ;  -1.19329762    
  0.907244563     ;  -1.19407630    
  0.906219900     ;  -1.19485414    
  0.905194581     ;  -1.19563115    
  0.904168606     ;  -1.19640720    
  0.903141975     ;  -1.19718242    
  0.902114630     ;  -1.19795668    
  0.901086628     ;  -1.19873011    
  0.900057971     ;  -1.19950271    
  0.899028659     ;  -1.20027435    
  0.897998691     ;  -1.20104516    
  0.896968067     ;  -1.20181501    
  0.895936787     ;  -1.20258403    
  0.894904852     ;  -1.20335221    
  0.893872261     ;  -1.20411944    
  0.892839015     ;  -1.20488584    
  0.891805112     ;  -1.20565128    
  0.890770555     ;  -1.20641589    
  0.889735341     ;  -1.20717967    
  0.888699472     ;  -1.20794249    
  0.887662947     ;  -1.20870447    
  0.886625767     ;  -1.20946550    
  0.885587931     ;  -1.21022570    
  0.884549439     ;  -1.21098495    
  0.883510292     ;  -1.21174335    
  0.882470489     ;  -1.21250081    
  0.881430030     ;  -1.21325743    
  0.880388916     ;  -1.21401310    
  0.879347146     ;  -1.21476793    
  0.878304720     ;  -1.21552181    
  0.877261698     ;  -1.21627486    
  0.876218021     ;  -1.21702695    
  0.875173688     ;  -1.21777821    
  0.874128699     ;  -1.21852851    
  0.873083055     ;  -1.21927798    
  0.872036815     ;  -1.22002649    
  0.870989919     ;  -1.22077417    
  0.869942367     ;  -1.22152090    
  0.868894160     ;  -1.22226679    
  0.867845356     ;  -1.22301173    
  0.866795897     ;  -1.22375584    
  0.865745783     ;  -1.22449899    
  0.864695072     ;  -1.22524130    
  0.863643706     ;  -1.22598267    
  0.862591684     ;  -1.22672307    
  0.861539066     ;  -1.22746265    
  0.860485792     ;  -1.22820127    
  0.859431863     ;  -1.22893906    
  0.858377337     ;  -1.22967589    
  0.857322156     ;  -1.23041189    
  0.856266379     ;  -1.23114693    
  0.855209947     ;  -1.23188102    
  0.854152858     ;  -1.23261428    
  0.853095174     ;  -1.23334658    
  0.852036834     ;  -1.23407805    
  0.850977898     ;  -1.23480856    
  0.849918306     ;  -1.23553813    
  0.848858118     ;  -1.23626685    
  0.847797275     ;  -1.23699462    
  0.846735835     ;  -1.23772156    
  0.845673740     ;  -1.23844755    
  0.844611049     ;  -1.23917258    
  0.843547761     ;  -1.23989677    
  0.842483819     ;  -1.24062002    
  0.841419280     ;  -1.24134231    
  0.840354085     ;  -1.24206376    
  0.839288294     ;  -1.24278426    
  0.838221908     ;  -1.24350381    
  0.837154865     ;  -1.24422252    
  0.836087227     ;  -1.24494028    
  0.835018992     ;  -1.24565709    
  0.833950102     ;  -1.24637306    
  0.832880616     ;  -1.24708807    
  0.831810534     ;  -1.24780214    
  0.830739796     ;  -1.24851537    
  0.829668462     ;  -1.24922764    
  0.828596532     ;  -1.24993896    
  0.827524006     ;  -1.25064933    
  0.826450825     ;  -1.25135887    
  0.825377047     ;  -1.25206745    
  0.824302673     ;  -1.25277507    
  0.823227704     ;  -1.25348186    
  0.822152138     ;  -1.25418770    
  0.821075976     ;  -1.25489259    
  0.819999158     ;  -1.25559652    
  0.818921745     ;  -1.25629961    
  0.817843735     ;  -1.25700176    
  0.816765130     ;  -1.25770295    
  0.815685928     ;  -1.25840318    
  0.814606130     ;  -1.25910258    
  0.813525736     ;  -1.25980103    
  0.812444746     ;  -1.26049852    
  0.811363161     ;  -1.26119506    
  0.810280979     ;  -1.26189077    
  0.809198201     ;  -1.26258552    
  0.808114827     ;  -1.26327932    
  0.807030857     ;  -1.26397216    
  0.805946290     ;  -1.26466405    
  0.804861128     ;  -1.26535511    
  0.803775370     ;  -1.26604521    
  0.802689016     ;  -1.26673436    
  0.801602066     ;  -1.26742256    
  0.800514519     ;  -1.26810980    
  0.799426377     ;  -1.26879621    
  0.798337638     ;  -1.26948166    
  0.797248363     ;  -1.27016616    
  0.796158493     ;  -1.27084970    
  0.795068026     ;  -1.27153230    
  0.793976963     ;  -1.27221394    
  0.792885303     ;  -1.27289462    
  0.791793108     ;  -1.27357447    
  0.790700316     ;  -1.27425337    
  0.789606929     ;  -1.27493131    
  0.788512945     ;  -1.27560830    
  0.787418425     ;  -1.27628434    
  0.786323309     ;  -1.27695942    
  0.785227597     ;  -1.27763355    
  0.784131289     ;  -1.27830684    
  0.783034444     ;  -1.27897918    
  0.781937003     ;  -1.27965057    
  0.780838966     ;  -1.28032100    
  0.779740393     ;  -1.28099048    
  0.778641224     ;  -1.28165901    
  0.777541518     ;  -1.28232658    
  0.776441216     ;  -1.28299320    
  0.775340319     ;  -1.28365886    
  0.774238884     ;  -1.28432357    
  0.773136854     ;  -1.28498745    
  0.772034287     ;  -1.28565037    
  0.770931125     ;  -1.28631234    
  0.769827425     ;  -1.28697336    
  0.768723130     ;  -1.28763342    
  0.767618299     ;  -1.28829253    
  0.766512871     ;  -1.28895068    
  0.765406907     ;  -1.28960788    
  0.764300346     ;  -1.29026413    
  0.763193250     ;  -1.29091942    
  0.762085557     ;  -1.29157376    
  0.760977328     ;  -1.29222715    
  0.759868562     ;  -1.29287958    
  0.758759201     ;  -1.29353106    
  0.757649302     ;  -1.29418159    
  0.756538808     ;  -1.29483116    
  0.755427778     ;  -1.29547977    
  0.754316211     ;  -1.29612744    
  0.753204048     ;  -1.29677415    
  0.752091348     ;  -1.29741991    
  0.750978112     ;  -1.29806471    
  0.749864340     ;  -1.29870856    
  0.748749971     ;  -1.29935145    
  0.747635067     ;  -1.29999340    
  0.746519625     ;  -1.30063438    
  0.745403647     ;  -1.30127442    
  0.744287074     ;  -1.30191350    
  0.743169963     ;  -1.30255163    
  0.742052317     ;  -1.30318880    
  0.740934134     ;  -1.30382502    
  0.739815414     ;  -1.30446029    
  0.738696158     ;  -1.30509460    
  0.737576306     ;  -1.30572796    
  0.736455917     ;  -1.30636036    
  0.735334992     ;  -1.30699182    
  0.734213531     ;  -1.30762231    
  0.733091533     ;  -1.30825186    
  0.731968999     ;  -1.30888045    
  0.730845928     ;  -1.30950809    
  0.729722321     ;  -1.31013477    
  0.728598177     ;  -1.31076038    
  0.727473497     ;  -1.31138504    
  0.726348281     ;  -1.31200874    
  0.725222528     ;  -1.31263149    
  0.724096239     ;  -1.31325328    
  0.722969413     ;  -1.31387413    
  0.721842051     ;  -1.31449401    
  0.720714152     ;  -1.31511295    
  0.719585717     ;  -1.31573093    
  0.718456805     ;  -1.31634796    
  0.717327356     ;  -1.31696391    
  0.716197371     ;  -1.31757891    
  0.715066850     ;  -1.31819296    
  0.713935792     ;  -1.31880605    
  0.712804198     ;  -1.31941819    
  0.711672068     ;  -1.32002938    
  0.710539460     ;  -1.32063961    
  0.709406316     ;  -1.32124889    
  0.708272636     ;  -1.32185709    
  0.707138419     ;  -1.32246435    
  0.706003726     ;  -1.32307065    
  0.704868495     ;  -1.32367599    
  0.703732729     ;  -1.32428038    
  0.702596486     ;  -1.32488382    
  0.701459706     ;  -1.32548618    
  0.700322390     ;  -1.32608759    
  0.699184597     ;  -1.32668805    
  0.698046267     ;  -1.32728755    
  0.696907401     ;  -1.32788610    
  0.695768058     ;  -1.32848358    
  0.694628179     ;  -1.32908010    
  0.693487823     ;  -1.32967567    
  0.692346931     ;  -1.33027029    
  0.691205502     ;  -1.33086395    
  0.690063596     ;  -1.33145654    
  0.688921154     ;  -1.33204818    
  0.687778234     ;  -1.33263886    
  0.686634779     ;  -1.33322859    
  0.685490847     ;  -1.33381736    
  0.684346378     ;  -1.33440506    
  0.683201432     ;  -1.33499181    
  0.682055950     ;  -1.33557761    
  0.680909991     ;  -1.33616245    
  0.679763556     ;  -1.33674622    
  0.678616583     ;  -1.33732903    
  0.677469134     ;  -1.33791089    
  0.676321208     ;  -1.33849180    
  0.675172746     ;  -1.33907163    
  0.674023807     ;  -1.33965051    
  0.672874331     ;  -1.34022844    
  0.671724379     ;  -1.34080541    
  0.670573950     ;  -1.34138131    
  0.669423044     ;  -1.34195626    
  0.668271601     ;  -1.34253025    
  0.667119682     ;  -1.34310329    
  0.665967286     ;  -1.34367526    
  0.664814413     ;  -1.34424627    
  0.663661003     ;  -1.34481633    
  0.662507117     ;  -1.34538531    
  0.661352754     ;  -1.34595335    
  0.660197914     ;  -1.34652042    
  0.659042597     ;  -1.34708655    
  0.657886803     ;  -1.34765160    
  0.656730473     ;  -1.34821570    
  0.655573666     ;  -1.34877884    
  0.654416382     ;  -1.34934092    
  0.653258622     ;  -1.34990203    
  0.652100384     ;  -1.35046220    
  0.650941670     ;  -1.35102129    
  0.649782479     ;  -1.35157943    
  0.648622811     ;  -1.35213661    
  0.647462666     ;  -1.35269272    
  0.646302044     ;  -1.35324788    
  0.645140946     ;  -1.35380208    
  0.643979371     ;  -1.35435522    
  0.642817318     ;  -1.35490739    
  0.641654789     ;  -1.35545862    
  0.640491784     ;  -1.35600877    
  0.639328301     ;  -1.35655797    
  0.638164341     ;  -1.35710609    
  0.636999905     ;  -1.35765326    
  0.635835052     ;  -1.35819948    
  0.634669721     ;  -1.35874462    
  0.633503914     ;  -1.35928881    
  0.632337630     ;  -1.35983205    
  0.631170869     ;  -1.36037421    
  0.630003631     ;  -1.36091542    
  0.628835976     ;  -1.36145556    
  0.627667844     ;  -1.36199474    
  0.626499236     ;  -1.36253297    
  0.625330150     ;  -1.36307013    
  0.624160647     ;  -1.36360633    
  0.622990668     ;  -1.36414146    
  0.621820211     ;  -1.36467564    
  0.620649338     ;  -1.36520886    
  0.619477987     ;  -1.36574101    
  0.618306160     ;  -1.36627221    
  0.617133915     ;  -1.36680233    
  0.615961194     ;  -1.36733150    
  0.614787996     ;  -1.36785960    
  0.613614380     ;  -1.36838675    
  0.612440288     ;  -1.36891294    
  0.611265779     ;  -1.36943805    
  0.610090792     ;  -1.36996222    
  0.608915389     ;  -1.37048531    
  0.607739508     ;  -1.37100744    
  0.606563210     ;  -1.37152851    
  0.605386436     ;  -1.37204862    
  0.604209244     ;  -1.37256765    
  0.603031576     ;  -1.37308574    
  0.601853490     ;  -1.37360275    
  0.600674927     ;  -1.37411880    
  0.599495947     ;  -1.37463391    
  0.598316491     ;  -1.37514794    
  0.597136617     ;  -1.37566102    
  0.595956326     ;  -1.37617302    
  0.594775558     ;  -1.37668407    
  0.593594372     ;  -1.37719405    
  0.592412770     ;  -1.37770307    
  0.591230690     ;  -1.37821102    
  0.590048194     ;  -1.37871802    
  0.588865280     ;  -1.37922394    
  0.587681890     ;  -1.37972891    
  0.586498082     ;  -1.38023281    
  0.585313857     ;  -1.38073575    
  0.584129214     ;  -1.38123763    
  0.582944095     ;  -1.38173854    
  0.581758559     ;  -1.38223839    
  0.580572605     ;  -1.38273728    
  0.579386234     ;  -1.38323510    
  0.578199446     ;  -1.38373184    
  0.577012241     ;  -1.38422763    
  0.575824559     ;  -1.38472235    
  0.574636459     ;  -1.38521612    
  0.573447943     ;  -1.38570881    
  0.572259009     ;  -1.38620055    
  0.571069658     ;  -1.38669121    
  0.569879889     ;  -1.38718092    
  0.568689704     ;  -1.38766956    
  0.567499101     ;  -1.38815725    
  0.566308081     ;  -1.38864386    
  0.565116644     ;  -1.38912940    
  0.563924789     ;  -1.38961399    
  0.562732518     ;  -1.39009750    
  0.561539829     ;  -1.39058006    
  0.560346723     ;  -1.39106154    
  0.559153199     ;  -1.39154208    
  0.557959259     ;  -1.39202154    
  0.556764901     ;  -1.39249992    
  0.555570126     ;  -1.39297736    
  0.554374993     ;  -1.39345372    
  0.553179443     ;  -1.39392912    
  0.551983476     ;  -1.39440346    
  0.550787091     ;  -1.39487672    
  0.549590290     ;  -1.39534903    
  0.548393071     ;  -1.39582026    
  0.547195494     ;  -1.39629054    
  0.545997500     ;  -1.39675975    
  0.544799089     ;  -1.39722788    
  0.543600261     ;  -1.39769506    
  0.542401075     ;  -1.39816117    
  0.541201472     ;  -1.39862621    
  0.540001452     ;  -1.39909029    
  0.538801074     ;  -1.39955330    
  0.537600279     ;  -1.40001535    
  0.536399066     ;  -1.40047634    
  0.535197496     ;  -1.40093625    
  0.533995509     ;  -1.40139520    
  0.532793164     ;  -1.40185308    
  0.531590402     ;  -1.40230989    
  0.530387223     ;  -1.40276575    
  0.529183686     ;  -1.40322053    
  0.527979732     ;  -1.40367424    
  0.526775420     ;  -1.40412700    
  0.525570691     ;  -1.40457869    
  0.524365604     ;  -1.40502930    
  0.523160100     ;  -1.40547895    
  0.521954238     ;  -1.40592754    
  0.520747960     ;  -1.40637505    
  0.519541323     ;  -1.40682161    
  0.518334270     ;  -1.40726709    
  0.517126858     ;  -1.40771151    
  0.515919089     ;  -1.40815496    
  0.514710903     ;  -1.40859735    
  0.513502359     ;  -1.40903866    
  0.512293458     ;  -1.40947902    
  0.511084139     ;  -1.40991831    
  0.509874463     ;  -1.41035652    
  0.508664429     ;  -1.41079378    
  0.507453978     ;  -1.41122997    
  0.506243169     ;  -1.41166508    
  0.505032003     ;  -1.41209912    
  0.503820479     ;  -1.41253221    
  0.502608538     ;  -1.41296422    
  0.501396239     ;  -1.41339517    
  0.500183582     ;  -1.41382515    
  0.498970568     ;  -1.41425407    
  0.497757167     ;  -1.41468191    
  0.496543407     ;  -1.41510868    
  0.495329291     ;  -1.41553450    
  0.494114786     ;  -1.41595924    
  0.492899925     ;  -1.41638291    
  0.491684705     ;  -1.41680562    
  0.490469128     ;  -1.41722727    
  0.489253193     ;  -1.41764784    
  0.488036901     ;  -1.41806734    
  0.486820251     ;  -1.41848588    
  0.485603213     ;  -1.41890335    
  0.484385818     ;  -1.41931975    
  0.483168066     ;  -1.41973507    
  0.481949985     ;  -1.42014945    
  0.480731547     ;  -1.42056274    
  0.479512751     ;  -1.42097497    
  0.478293598     ;  -1.42138612    
  0.477074087     ;  -1.42179632    
  0.475854218     ;  -1.42220545    
  0.474633992     ;  -1.42261350    
  0.473413438     ;  -1.42302048    
  0.472192526     ;  -1.42342639    
  0.470971256     ;  -1.42383134    
  0.469749659     ;  -1.42423522    
  0.468527704     ;  -1.42463803    
  0.467305422     ;  -1.42503977    
  0.466082782     ;  -1.42544055    
  0.464859784     ;  -1.42584026    
  0.463636458     ;  -1.42623889    
  0.462412775     ;  -1.42663646    
  0.461188763     ;  -1.42703295    
  0.459964424     ;  -1.42742848    
  0.458739728     ;  -1.42782295    
  0.457514703     ;  -1.42821634    
  0.456289351     ;  -1.42860866    
  0.455063641     ;  -1.42899990    
  0.453837603     ;  -1.42939007    
  0.452611238     ;  -1.42977929    
  0.451384544     ;  -1.43016744    
  0.450157493     ;  -1.43055451    
  0.448930115     ;  -1.43094051    
  0.447702408     ;  -1.43132544    
  0.446474373     ;  -1.43170941    
  0.445246011     ;  -1.43209231    
  0.444017321     ;  -1.43247414    
  0.442788303     ;  -1.43285489    
  0.441558957     ;  -1.43323457    
  0.440329283     ;  -1.43361318    
  0.439099282     ;  -1.43399084    
  0.437868983     ;  -1.43436742    
  0.436638355     ;  -1.43474293    
  0.435407400     ;  -1.43511736    
  0.434176117     ;  -1.43549073    
  0.432944506     ;  -1.43586302    
  0.431712598     ;  -1.43623424    
  0.430480361     ;  -1.43660450    
  0.429247797     ;  -1.43697369    
  0.428014934     ;  -1.43734181    
  0.426781744     ;  -1.43770885    
  0.425548255     ;  -1.43807483    
  0.424314439     ;  -1.43843973    
  0.423080325     ;  -1.43880355    
  0.421845883     ;  -1.43916631    
  0.420611143     ;  -1.43952811    
  0.419376075     ;  -1.43988883    
  0.418140709     ;  -1.44024849    
  0.416905046     ;  -1.44060707    
  0.415669054     ;  -1.44096458    
  0.414432764     ;  -1.44132102    
  0.413196176     ;  -1.44167638    
  0.411959261     ;  -1.44203067    
  0.410722047     ;  -1.44238400    
  0.409484535     ;  -1.44273627    
  0.408246726     ;  -1.44308746    
  0.407008618     ;  -1.44343758    
  0.405770212     ;  -1.44378662    
  0.404531509     ;  -1.44413459    
  0.403292507     ;  -1.44448149    
  0.402053207     ;  -1.44482732    
  0.400813609     ;  -1.44517207    
  0.399573714     ;  -1.44551575    
  0.398333520     ;  -1.44585836    
  0.397093028     ;  -1.44620001    
  0.395852238     ;  -1.44654059    
  0.394611180     ;  -1.44688010    
  0.393369824     ;  -1.44721854    
  0.392128170     ;  -1.44755590    
  0.390886217     ;  -1.44789219    
  0.389643997     ;  -1.44822741    
  0.388401479     ;  -1.44856155    
  0.387158662     ;  -1.44889462    
  0.385915577     ;  -1.44922662    
  0.384672195     ;  -1.44955754    
  0.383428544     ;  -1.44988739    
  0.382184595     ;  -1.45021617    
  0.380940378     ;  -1.45054388    
  0.379695863     ;  -1.45087051    
  0.378451079     ;  -1.45119619    
  0.377206028     ;  -1.45152080    
  0.375960678     ;  -1.45184433    
  0.374715060     ;  -1.45216680    
  0.373469174     ;  -1.45248818    
  0.372222990     ;  -1.45280850    
  0.370976537     ;  -1.45312774    
  0.369729817     ;  -1.45344591    
  0.368482828     ;  -1.45376301    
  0.367235571     ;  -1.45407903    
  0.365988046     ;  -1.45439398    
  0.364740252     ;  -1.45470786    
  0.363492191     ;  -1.45502067    
  0.362243861     ;  -1.45533240    
  0.360995263     ;  -1.45564306    
  0.359746397     ;  -1.45595264    
  0.358497262     ;  -1.45626116    
  0.357247859     ;  -1.45656860    
  0.355998188     ;  -1.45687497    
  0.354748249     ;  -1.45718026    
  0.353498071     ;  -1.45748448    
  0.352247626     ;  -1.45778763    
  0.350996912     ;  -1.45808971    
  0.349745929     ;  -1.45839071    
  0.348494709     ;  -1.45869064    
  0.347243220     ;  -1.45898950    
  0.345991462     ;  -1.45928729    
  0.344739467     ;  -1.45958400    
  0.343487203     ;  -1.45987964    
  0.342234701     ;  -1.46017420    
  0.340981930     ;  -1.46046770    
  0.339728922     ;  -1.46076012    
  0.338475674     ;  -1.46105146    
  0.337222159     ;  -1.46134174    
  0.335968405     ;  -1.46163094    
  0.334714413     ;  -1.46191907    
  0.333460152     ;  -1.46220613    
  0.332205653     ;  -1.46249211    
  0.330950916     ;  -1.46277702    
  0.329695940     ;  -1.46306086    
  0.328440696     ;  -1.46334362    
  0.327185214     ;  -1.46362531    
  0.325929493     ;  -1.46390593    
  0.324673533     ;  -1.46418548    
  0.323417336     ;  -1.46446395    
  0.322160900     ;  -1.46474135    
  0.320904225     ;  -1.46501768    
  0.319647312     ;  -1.46529293    
  0.318390161     ;  -1.46556711    
  0.317132771     ;  -1.46584022    
  0.315875143     ;  -1.46611226    
  0.314617306     ;  -1.46638322    
  0.313359231     ;  -1.46665311    
  0.312100917     ;  -1.46692193    
  0.310842365     ;  -1.46718955    
  0.309583604     ;  -1.46745610    
  0.308324605     ;  -1.46772158    
  0.307065368     ;  -1.46798599    
  0.305805922     ;  -1.46824932    
  0.304546237     ;  -1.46851158    
  0.303286344     ;  -1.46877277    
  0.302026212     ;  -1.46903288    
  0.300765872     ;  -1.46929193    
  0.299505293     ;  -1.46954989    
  0.298244506     ;  -1.46980679    
  0.296983480     ;  -1.47006261    
  0.295722246     ;  -1.47031736    
  0.294460803     ;  -1.47057104    
  0.293199122     ;  -1.47082365    
  0.291937232     ;  -1.47107518    
  0.290675133     ;  -1.47132552    
  0.289412826     ;  -1.47157478    
  0.288150281     ;  -1.47182298    
  0.286887527     ;  -1.47207010    
  0.285624564     ;  -1.47231615    
  0.284361392     ;  -1.47256112    
  0.283098012     ;  -1.47280502    
  0.281834424     ;  -1.47304785    
  0.280570626     ;  -1.47328961    
  0.279306620     ;  -1.47353029    
  0.278042406     ;  -1.47376990    
  0.276777983     ;  -1.47400844    
  0.275513351     ;  -1.47424579    
  0.274248540     ;  -1.47448206    
  0.272983521     ;  -1.47471726    
  0.271718293     ;  -1.47495139    
  0.270452857     ;  -1.47518444    
  0.269187242     ;  -1.47541642    
  0.267921418     ;  -1.47564733    
  0.266655385     ;  -1.47587717    
  0.265389174     ;  -1.47610593    
  0.264122754     ;  -1.47633362    
  0.262856156     ;  -1.47656012    
  0.261589348     ;  -1.47678554    
  0.260322362     ;  -1.47700989    
  0.259055167     ;  -1.47723317    
  0.257787794     ;  -1.47745538    
  0.256520212     ;  -1.47767651    
  0.255252451     ;  -1.47789657    
  0.253984511     ;  -1.47811556    
  0.252716362     ;  -1.47833347    
  0.251448035     ;  -1.47855020    
  0.250179529     ;  -1.47876585    
  0.248910829     ;  -1.47898042    
  0.247641951     ;  -1.47919393    
  0.246372893     ;  -1.47940636    
  0.245103642     ;  -1.47961771    
  0.243834212     ;  -1.47982800    
  0.242564604     ;  -1.48003721    
  0.241294816     ;  -1.48024523    
  0.240024850     ;  -1.48045218    
  0.238754705     ;  -1.48065805    
  0.237484381     ;  -1.48086286    
  0.236213893     ;  -1.48106658    
  0.234943226     ;  -1.48126924    
  0.233672380     ;  -1.48147082    
  0.232401371     ;  -1.48167133    
  0.231130183     ;  -1.48187065    
  0.229858831     ;  -1.48206890    
  0.228587300     ;  -1.48226607    
  0.227315605     ;  -1.48246217    
  0.226043746     ;  -1.48265719    
  0.224771708     ;  -1.48285115    
  0.223499507     ;  -1.48304403    
  0.222227141     ;  -1.48323572    
  0.220954612     ;  -1.48342633    
  0.219681919     ;  -1.48361588    
  0.218409061     ;  -1.48380435    
  0.217136040     ;  -1.48399174    
  0.215862870     ;  -1.48417807    
  0.214589536     ;  -1.48436320    
  0.213316038     ;  -1.48454726    
  0.212042391     ;  -1.48473024    
  0.210768580     ;  -1.48491216    
  0.209494621     ;  -1.48509300    
  0.208220497     ;  -1.48527277    
  0.206946224     ;  -1.48545146    
  0.205671802     ;  -1.48562896    
  0.204397216     ;  -1.48580539    
  0.203122482     ;  -1.48598075    
  0.201847598     ;  -1.48615503    
  0.200572565     ;  -1.48632824    
  0.199297383     ;  -1.48650038    
  0.198022053     ;  -1.48667133    
  0.196746588     ;  -1.48684120    
  0.195470974     ;  -1.48701000    
  0.194195211     ;  -1.48717773    
  0.192919299     ;  -1.48734438    
  0.191643253     ;  -1.48750985    
  0.190367058     ;  -1.48767424    
  0.189090729     ;  -1.48783755    
  0.187814251     ;  -1.48799980    
  0.186537638     ;  -1.48816097    
  0.185260892     ;  -1.48832107    
  0.183984011     ;  -1.48847997    
  0.182706982     ;  -1.48863780    
  0.181429818     ;  -1.48879457    
  0.180152521     ;  -1.48895025    
  0.178875089     ;  -1.48910487    
  0.177597538     ;  -1.48925829    
  0.176319852     ;  -1.48941064    
  0.175042033     ;  -1.48956192    
  0.173764080     ;  -1.48971212    
  0.172486007     ;  -1.48986125    
  0.171207801     ;  -1.49000931    
  0.169929475     ;  -1.49015617    
  0.168651015     ;  -1.49030197    
  0.167372435     ;  -1.49044669    
  0.166093722     ;  -1.49059033    
  0.164814889     ;  -1.49073291    
  0.163535938     ;  -1.49087429    
  0.162256867     ;  -1.49101460    
  0.160977677     ;  -1.49115384    
  0.159698367     ;  -1.49129200    
  0.158418939     ;  -1.49142909    
  0.157139391     ;  -1.49156499    
  0.155859724     ;  -1.49169981    
  0.154579937     ;  -1.49183357    
  0.153300047     ;  -1.49196625    
  0.152020037     ;  -1.49209785    
  0.150739908     ;  -1.49222827    
  0.149459675     ;  -1.49235761    
  0.148179322     ;  -1.49248588    
  0.146898866     ;  -1.49261308    
  0.145618305     ;  -1.49273920    
  0.144337624     ;  -1.49286413    
  0.143056840     ;  -1.49298799    
  0.141775951     ;  -1.49311078    
  0.140494958     ;  -1.49323249    
  0.139213860     ;  -1.49335313    
  0.137932658     ;  -1.49347258    
  0.136651352     ;  -1.49359095    
  0.135369942     ;  -1.49370825    
  0.134088442     ;  -1.49382448    
  0.132806838     ;  -1.49393952    
  0.131525129     ;  -1.49405348    
  0.130243331     ;  -1.49416637    
  0.128961429     ;  -1.49427819    
  0.127679437     ;  -1.49438894    
  0.126397356     ;  -1.49449849    
  0.125115171     ;  -1.49460697    
  0.123832896     ;  -1.49471438    
  0.122550532     ;  -1.49482071    
  0.121268071     ;  -1.49492586    
  0.119985521     ;  -1.49502993    
  0.118702881     ;  -1.49513292    
  0.117420159     ;  -1.49523485    
  0.116137348     ;  -1.49533570    
  0.114854448     ;  -1.49543536    
  0.113571465     ;  -1.49553394    
  0.112288393     ;  -1.49563146    
  0.111005239     ;  -1.49572790    
  0.109722003     ;  -1.49582314    
  0.108438686     ;  -1.49591732    
  0.107155286     ;  -1.49601042    
  0.105871812     ;  -1.49610245    
  0.104588255     ;  -1.49619341    
  0.103304625     ;  -1.49628317    
  0.102020912     ;  -1.49637187    
  0.100737125     ;  -1.49645948    
   9.94532630E-02 ;  -1.49654603    
   9.81693268E-02 ;  -1.49663138    
   9.68853161E-02 ;  -1.49671566    
   9.56012309E-02 ;  -1.49679887    
   9.43170786E-02 ;  -1.49688101    
   9.30328518E-02 ;  -1.49696195    
   9.17485580E-02 ;  -1.49704182    
   9.04641971E-02 ;  -1.49712062    
   8.91797692E-02 ;  -1.49719834    
   8.78952742E-02 ;  -1.49727499    
   8.66107121E-02 ;  -1.49735045    
   8.53260830E-02 ;  -1.49742484    
   8.40413943E-02 ;  -1.49749815    
   8.27566385E-02 ;  -1.49757040    
   8.14718232E-02 ;  -1.49764144    
   8.01869482E-02 ;  -1.49771142    
   7.89020136E-02 ;  -1.49778032    
   7.76170194E-02 ;  -1.49784815    
   7.63319656E-02 ;  -1.49791479    
   7.50468522E-02 ;  -1.49798036    
   7.37616867E-02 ;  -1.49804485    
   7.24764690E-02 ;  -1.49810827    
   7.11911917E-02 ;  -1.49817050    
   6.99058622E-02 ;  -1.49823165    
   6.86204806E-02 ;  -1.49829173    
   6.73350468E-02 ;  -1.49835074    
   6.60495609E-02 ;  -1.49840856    
   6.47640303E-02 ;  -1.49846530    
   6.34784475E-02 ;  -1.49852097    
   6.21928163E-02 ;  -1.49857557    
   6.09071404E-02 ;  -1.49862897    
   5.96214198E-02 ;  -1.49868131    
   5.83356544E-02 ;  -1.49873257    
   5.70498444E-02 ;  -1.49878275    
   5.57639897E-02 ;  -1.49883175    
   5.44780940E-02 ;  -1.49887967    
   5.31921573E-02 ;  -1.49892652    
   5.19061796E-02 ;  -1.49897230    
   5.06201647E-02 ;  -1.49901700    
   4.93341088E-02 ;  -1.49906051    
   4.80480157E-02 ;  -1.49910295    
   4.67618890E-02 ;  -1.49914432    
   4.54757251E-02 ;  -1.49918461    
   4.41895276E-02 ;  -1.49922371    
   4.29032966E-02 ;  -1.49926174    
   4.16170321E-02 ;  -1.49929869    
   4.03307378E-02 ;  -1.49933457    
   3.90444100E-02 ;  -1.49936926    
   3.77580523E-02 ;  -1.49940288    
   3.64716686E-02 ;  -1.49943542    
   3.51852551E-02 ;  -1.49946690    
   3.38988155E-02 ;  -1.49949718    
   3.26123498E-02 ;  -1.49952638    
   3.13258581E-02 ;  -1.49955451    
   3.00393421E-02 ;  -1.49958158    
   2.87528038E-02 ;  -1.49960744    
   2.74662431E-02 ;  -1.49963224    
   2.61796620E-02 ;  -1.49965596    
   2.48930603E-02 ;  -1.49967861    
   2.36064382E-02 ;  -1.49970007    
   2.23197974E-02 ;  -1.49972045    
   2.10331399E-02 ;  -1.49973977    
   1.97464656E-02 ;  -1.49975801    
   1.84597764E-02 ;  -1.49977505    
   1.71730723E-02 ;  -1.49979103    
   1.58863552E-02 ;  -1.49980593    
   1.45996250E-02 ;  -1.49981964    
   1.33128827E-02 ;  -1.49983227    
   1.20261293E-02 ;  -1.49984384    
   1.07393665E-02 ;  -1.49985433    
   9.45259444E-03 ;  -1.49986362    
   8.16581398E-03 ;  -1.49987185    
   6.87902654E-03 ;  -1.49987900    
   5.59223304E-03 ;  -1.49988508    
   4.30543441E-03 ;  -1.49988997    
   3.01863160E-03 ;  -1.49989378    
   1.73182553E-03 ;  -1.49989653    
   4.45017213E-04 ;  -1.49989820    
  -8.41792498E-04 ;  -1.49989867    
  -2.12860131E-03 ;  -1.49990034    
  -3.41540831E-03 ;  -1.49990308    
  -4.70221182E-03 ;  -1.49990690    
  -5.98901091E-03 ;  -1.49991190    
  -7.27580441E-03 ;  -1.49991798    
  -8.56259093E-03 ;  -1.49992514    
  -9.84936953E-03 ;  -1.49993348    
  -1.11361388E-02 ;  -1.49994290    
  -1.24228979E-02 ;  -1.49995351    
  -1.37096457E-02 ;  -1.49996519    
  -1.49963805E-02 ;  -1.49997795    
  -1.62831023E-02 ;  -1.49999189    
  -1.75698083E-02 ;  -1.50000691    
  -1.88564975E-02 ;  -1.50002313    
  -2.01431680E-02 ;  -1.50004041    
  -2.14298200E-02 ;  -1.50005889    
  -2.27164514E-02 ;  -1.50007844    
  -2.40030624E-02 ;  -1.50009918    
  -2.52896510E-02 ;  -1.50012100    
  -2.65762154E-02 ;  -1.50014400    
  -2.78627556E-02 ;  -1.50016809    
  -2.91492678E-02 ;  -1.50019336    
  -3.04357540E-02 ;  -1.50021970    
  -3.17222103E-02 ;  -1.50024724    
  -3.30086350E-02 ;  -1.50027585    
  -3.42950299E-02 ;  -1.50030565    
  -3.55813913E-02 ;  -1.50033653    
  -3.68677191E-02 ;  -1.50036860    
  -3.81540135E-02 ;  -1.50040185    
  -3.94402705E-02 ;  -1.50043619    
  -4.07264903E-02 ;  -1.50047171    
  -4.20126691E-02 ;  -1.50050843    
  -4.32988107E-02 ;  -1.50054622    
  -4.45849076E-02 ;  -1.50058520    
  -4.58709635E-02 ;  -1.50062525    
  -4.71569747E-02 ;  -1.50066650    
  -4.84429412E-02 ;  -1.50070894    
  -4.97288592E-02 ;  -1.50075257    
  -5.10147288E-02 ;  -1.50079727    
  -5.23005500E-02 ;  -1.50084317    
  -5.35863228E-02 ;  -1.50089025    
  -5.48720434E-02 ;  -1.50093842    
  -5.61577082E-02 ;  -1.50098777    
  -5.74433208E-02 ;  -1.50103831    
  -5.87288775E-02 ;  -1.50109005    
  -6.00143746E-02 ;  -1.50114298    
  -6.12998158E-02 ;  -1.50119698    
  -6.25851974E-02 ;  -1.50125217    
  -6.38705194E-02 ;  -1.50130856    
  -6.51557744E-02 ;  -1.50136614    
  -6.64409697E-02 ;  -1.50142491    
  -6.77260980E-02 ;  -1.50148475    
  -6.90111592E-02 ;  -1.50154579    
  -7.02961534E-02 ;  -1.50160801    
  -7.15810806E-02 ;  -1.50167143    
  -7.28659332E-02 ;  -1.50173604    
  -7.41507187E-02 ;  -1.50180185    
  -7.54354298E-02 ;  -1.50186884    
  -7.67200664E-02 ;  -1.50193703    
  -7.80046284E-02 ;  -1.50200641    
  -7.92891085E-02 ;  -1.50207698    
  -8.05735141E-02 ;  -1.50214875    
  -8.18578377E-02 ;  -1.50222170    
  -8.31420794E-02 ;  -1.50229585    
  -8.44262391E-02 ;  -1.50237119    
  -8.57103169E-02 ;  -1.50244772    
  -8.69943053E-02 ;  -1.50252545    
  -8.82782042E-02 ;  -1.50260437    
  -8.95620212E-02 ;  -1.50268447    
  -9.08457488E-02 ;  -1.50276577    
  -9.21293795E-02 ;  -1.50284827    
  -9.34129208E-02 ;  -1.50293195    
  -9.46963653E-02 ;  -1.50301683    
  -9.59797204E-02 ;  -1.50310290    
  -9.72629786E-02 ;  -1.50319016    
  -9.85461324E-02 ;  -1.50327861    
  -9.98291895E-02 ;  -1.50336838    
 -0.101112142     ;  -1.50345933    
 -0.102394998     ;  -1.50355148    
 -0.103677750     ;  -1.50364482    
 -0.104960397     ;  -1.50373936    
 -0.106242932     ;  -1.50383508    
 -0.107525364     ;  -1.50393212    
 -0.108807683     ;  -1.50403035    
 -0.110089891     ;  -1.50412977    
 -0.111371987     ;  -1.50423038    
 -0.112653971     ;  -1.50433230    
 -0.113935836     ;  -1.50443542    
 -0.115217589     ;  -1.50453973    
 -0.116499223     ;  -1.50464523    
 -0.117780738     ;  -1.50475204    
 -0.119062126     ;  -1.50486004    
 -0.120343395     ;  -1.50496924    
 -0.121624537     ;  -1.50507975    
 -0.122905552     ;  -1.50519145    
 -0.124186441     ;  -1.50530434    
 -0.125467211     ;  -1.50541854    
 -0.126747847     ;  -1.50553393    
 -0.128028348     ;  -1.50565064    
 -0.129308715     ;  -1.50576854    
 -0.130588949     ;  -1.50588775    
 -0.131869048     ;  -1.50600815    
 -0.133149013     ;  -1.50612974    
 -0.134428829     ;  -1.50625265    
 -0.135708511     ;  -1.50637674    
 -0.136988044     ;  -1.50650215    
 -0.138267443     ;  -1.50662875    
 -0.139546692     ;  -1.50675666    
 -0.140825793     ;  -1.50688577    
 -0.142104745     ;  -1.50701618    
 -0.143383548     ;  -1.50714791    
 -0.144662201     ;  -1.50728083    
 -0.145940706     ;  -1.50741506    
 -0.147219047     ;  -1.50755048    
 -0.148497239     ;  -1.50768721    
 -0.149775267     ;  -1.50782526    
 -0.151053131     ;  -1.50796449    
 -0.152330846     ;  -1.50810504    
 -0.153608397     ;  -1.50824690    
 -0.154885784     ;  -1.50838995    
 -0.156162992     ;  -1.50853431    
 -0.157440037     ;  -1.50867999    
 -0.158716917     ;  -1.50882685    
 -0.159993619     ;  -1.50897503    
 -0.161270157     ;  -1.50912452    
 -0.162546515     ;  -1.50927532    
 -0.163822711     ;  -1.50942731    
 -0.165098727     ;  -1.50958061    
 -0.166374564     ;  -1.50973523    
 -0.167650223     ;  -1.50989115    
 -0.168925688     ;  -1.51004839    
 -0.170200974     ;  -1.51020694    
 -0.171476081     ;  -1.51036668    
 -0.172750995     ;  -1.51052773    
 -0.174025714     ;  -1.51069009    
 -0.175300255     ;  -1.51085377    
 -0.176574603     ;  -1.51101875    
 -0.177848756     ;  -1.51118505    
 -0.179122716     ;  -1.51135266    
 -0.180396467     ;  -1.51152158    
 -0.181670025     ;  -1.51169181    
 -0.182943389     ;  -1.51186335    
 -0.184216544     ;  -1.51203620    
 -0.185489506     ;  -1.51221037    
 -0.186762258     ;  -1.51238585    
 -0.188034803     ;  -1.51256263    
 -0.189307138     ;  -1.51274073    
 -0.190579265     ;  -1.51292014    
 -0.191851169     ;  -1.51310086    
 -0.193122864     ;  -1.51328290    
 -0.194394350     ;  -1.51346624    
 -0.195665613     ;  -1.51365089    
 -0.196936652     ;  -1.51383698    
 -0.198207483     ;  -1.51402438    
 -0.199478090     ;  -1.51421309    
 -0.200748473     ;  -1.51440310    
 -0.202018619     ;  -1.51459444    
 -0.203288540     ;  -1.51478708    
 -0.204558238     ;  -1.51498115    
 -0.205827698     ;  -1.51517653    
 -0.207096919     ;  -1.51537323    
 -0.208365917     ;  -1.51557124    
 -0.209634677     ;  -1.51577067    
 -0.210903198     ;  -1.51597142    
 -0.212171480     ;  -1.51617348    
 -0.213439509     ;  -1.51637697    
 -0.214707300     ;  -1.51658177    
 -0.215974852     ;  -1.51678789    
 -0.217242151     ;  -1.51699543    
 -0.218509197     ;  -1.51720428    
 -0.219775990     ;  -1.51741457    
 -0.221042529     ;  -1.51762617    
 -0.222308815     ;  -1.51783919    
 -0.223574847     ;  -1.51805353    
 -0.224840626     ;  -1.51826918    
 -0.226106137     ;  -1.51848626    
 -0.227371380     ;  -1.51870465    
 -0.228636369     ;  -1.51892447    
 -0.229901090     ;  -1.51914573    
 -0.231165543     ;  -1.51936829    
 -0.232429728     ;  -1.51959229    
 -0.233693630     ;  -1.51981759    
 -0.234957263     ;  -1.52004433    
 -0.236220628     ;  -1.52027237    
 -0.237483710     ;  -1.52050185    
 -0.238746509     ;  -1.52073276    
 -0.240009025     ;  -1.52096498    
 -0.241271257     ;  -1.52119863    
 -0.242533207     ;  -1.52143371    
 -0.243794873     ;  -1.52167022    
 -0.245056242     ;  -1.52190804    
 -0.246317327     ;  -1.52214730    
 -0.247578114     ;  -1.52238798    
 -0.248838603     ;  -1.52263010    
 -0.250098795     ;  -1.52287352    
 -0.251358688     ;  -1.52311838    
 -0.252618283     ;  -1.52336466    
 -0.253877580     ;  -1.52361238    
 -0.255136579     ;  -1.52386153    
 -0.256395251     ;  -1.52411211    
 -0.257653624     ;  -1.52436411    
 -0.258911669     ;  -1.52461743    
 -0.260169417     ;  -1.52487218    
 -0.261426836     ;  -1.52512836    
 -0.262683958     ;  -1.52538598    
 -0.263940752     ;  -1.52564502    
 -0.265197217     ;  -1.52590549    
 -0.266453356     ;  -1.52616739    
 -0.267709166     ;  -1.52643073    
 -0.268964648     ;  -1.52669549    
 -0.270219803     ;  -1.52696168    
 -0.271474630     ;  -1.52722943    
 -0.272729129     ;  -1.52749860    
 -0.273983300     ;  -1.52776921    
 -0.275237113     ;  -1.52804124    
 -0.276490599     ;  -1.52831471    
 -0.277743727     ;  -1.52858961    
 -0.278996527     ;  -1.52886605    
 -0.280248970     ;  -1.52914393    
 -0.281501085     ;  -1.52942324    
 -0.282752842     ;  -1.52970397    
 -0.284004241     ;  -1.52998614    
 -0.285255283     ;  -1.53026986    
 -0.286505967     ;  -1.53055501    
 -0.287756294     ;  -1.53084159    
 -0.289006263     ;  -1.53112972    
 -0.290255845     ;  -1.53141928    
 -0.291505069     ;  -1.53171027    
 -0.292753935     ;  -1.53200281    
 -0.294002414     ;  -1.53229678    
 -0.295250535     ;  -1.53259230    
 -0.296498269     ;  -1.53288925    
 -0.297745645     ;  -1.53318775    
 -0.298992634     ;  -1.53348768    
 -0.300239235     ;  -1.53378916    
 -0.301485449     ;  -1.53409207    
 -0.302731276     ;  -1.53439653    
 -0.303976715     ;  -1.53470242    
 -0.305221766     ;  -1.53500986    
 -0.306466430     ;  -1.53531885    
 -0.307710677     ;  -1.53562927    
 -0.308954537     ;  -1.53594124    
 -0.310198009     ;  -1.53625464    
 -0.311441064     ;  -1.53656960    
 -0.312683702     ;  -1.53688610    
 -0.313925952     ;  -1.53720415    
 -0.315167785     ;  -1.53752363    
 -0.316409200     ;  -1.53784466    
 -0.317650199     ;  -1.53816724    
 -0.318890780     ;  -1.53849137    
 -0.320130944     ;  -1.53881705    
 -0.321370691     ;  -1.53914416    
 -0.322610021     ;  -1.53947282    
 -0.323848903     ;  -1.53980303    
 -0.325087368     ;  -1.54013479    
 -0.326325387     ;  -1.54046810    
 -0.327562988     ;  -1.54080296    
 -0.328800142     ;  -1.54113936    
 -0.330036849     ;  -1.54147732    
 -0.331273139     ;  -1.54181683    
 -0.332508981     ;  -1.54215789    
 -0.333744377     ;  -1.54250050    
 -0.334979326     ;  -1.54284465    
 -0.336213797     ;  -1.54319036    
 -0.337447822     ;  -1.54353762    
 -0.338681400     ;  -1.54388642    
 -0.339914501     ;  -1.54423690    
 -0.341147155     ;  -1.54458892    
 -0.342379332     ;  -1.54494250    
 -0.343611062     ;  -1.54529762    
 -0.344842315     ;  -1.54565430    
 -0.346073091     ;  -1.54601264    
 -0.347303391     ;  -1.54637253    
 -0.348533213     ;  -1.54673398    
 -0.349762559     ;  -1.54709709    
 -0.350991428     ;  -1.54746175    
 -0.352219790     ;  -1.54782796    
 -0.353447676     ;  -1.54819584    
 -0.354675084     ;  -1.54856527    
 -0.355901986     ;  -1.54893637    
 -0.357128382     ;  -1.54930902    
 -0.358354300     ;  -1.54968333    
 -0.359579712     ;  -1.55005920    
 -0.360804617     ;  -1.55043674    
 -0.362029016     ;  -1.55081582    
 -0.363252908     ;  -1.55119658    
 -0.364476264     ;  -1.55157888    
 -0.365699112     ;  -1.55196285    
 -0.366921455     ;  -1.55234849    
 -0.368143260     ;  -1.55273569    
 -0.369364560     ;  -1.55312455    
 -0.370585322     ;  -1.55351508    
 -0.371805549     ;  -1.55390728    
 -0.373025239     ;  -1.55430102    
 -0.374244392     ;  -1.55469644    
 -0.375463009     ;  -1.55509353    
 -0.376681089     ;  -1.55549228    
 -0.377898633     ;  -1.55589271    
 -0.379115611     ;  -1.55629480    
 -0.380332053     ;  -1.55669856    
 -0.381547928     ;  -1.55710399    
 -0.382763267     ;  -1.55751097    
 -0.383978039     ;  -1.55791962    
 -0.385192245     ;  -1.55832994    
 -0.386405885     ;  -1.55874205    
 -0.387618959     ;  -1.55915582    
 -0.388831466     ;  -1.55957127    
 -0.390043408     ;  -1.55998838    
 -0.391254753     ;  -1.56040716    
 -0.392465532     ;  -1.56082761    
 -0.393675715     ;  -1.56124973    
 -0.394885331     ;  -1.56167364    
 -0.396094352     ;  -1.56209922    
 -0.397302777     ;  -1.56252646    
 -0.398510605     ;  -1.56295538    
 -0.399717838     ;  -1.56338608    
 -0.400924474     ;  -1.56381845    
 -0.402130514     ;  -1.56425250    
 -0.403335929     ;  -1.56468832    
 -0.404540747     ;  -1.56512582    
 -0.405744940     ;  -1.56556511    
 -0.406948507     ;  -1.56600606    
 -0.408151448     ;  -1.56644881    
 -0.409353763     ;  -1.56689322    
 -0.410555452     ;  -1.56733942    
 -0.411756516     ;  -1.56778729    
 -0.412956953     ;  -1.56823695    
 -0.414156765     ;  -1.56868839    
 -0.415355921     ;  -1.56914151    
 -0.416554421     ;  -1.56959641    
 -0.417752296     ;  -1.57005310    
 -0.418949515     ;  -1.57051158    
 -0.420146078     ;  -1.57097173    
 -0.421341985     ;  -1.57143366    
 -0.422537237     ;  -1.57189739    
 -0.423731804     ;  -1.57236290    
 -0.424925715     ;  -1.57283020    
 -0.426118970     ;  -1.57329929    
 -0.427311540     ;  -1.57377017    
 -0.428503424     ;  -1.57424283    
 -0.429694623     ;  -1.57471728    
 -0.430885136     ;  -1.57519352    
 -0.432074964     ;  -1.57567155    
 -0.433264107     ;  -1.57615137    
 -0.434452564     ;  -1.57663298    
 -0.435640305     ;  -1.57711637    
 -0.436827332     ;  -1.57760167    
 -0.438013673     ;  -1.57808876    
 -0.439199299     ;  -1.57857764    
 -0.440384209     ;  -1.57906830    
 -0.441568404     ;  -1.57956088    
 -0.442751884     ;  -1.58005524    
 -0.443934619     ;  -1.58055139    
 -0.445116639     ;  -1.58104944    
 -0.446297914     ;  -1.58154929    
 -0.447478473     ;  -1.58205104    
 -0.448658288     ;  -1.58255458    
 -0.449837357     ;  -1.58306003    
 -0.451015681     ;  -1.58356726    
 -0.452193230     ;  -1.58407640    
 -0.453370035     ;  -1.58458745    
 -0.454546094     ;  -1.58510029    
 -0.455721378     ;  -1.58561504    
 -0.456895888     ;  -1.58613169    
 -0.458069623     ;  -1.58665025    
 -0.459242582     ;  -1.58717060    
 -0.460414767     ;  -1.58769286    
 -0.461586177     ;  -1.58821702    
 -0.462756783     ;  -1.58874309    
 -0.463926613     ;  -1.58927107    
 -0.465095639     ;  -1.58980095    
 -0.466263860     ;  -1.59033275    
 -0.467431277     ;  -1.59086645    
 -0.468597889     ;  -1.59140205    
 -0.469763696     ;  -1.59193957    
 -0.470928699     ;  -1.59247899    
 -0.472092867     ;  -1.59302044    
 -0.473256201     ;  -1.59356380    
 -0.474418700     ;  -1.59410906    
 -0.475580394     ;  -1.59465623    
 -0.476741225     ;  -1.59520543    
 -0.477901220     ;  -1.59575653    
 -0.479060382     ;  -1.59630966    
 -0.480218679     ;  -1.59686470    
 -0.481376141     ;  -1.59742165    
 -0.482532740     ;  -1.59798062    
 -0.483688474     ;  -1.59854162    
 -0.484843343     ;  -1.59910452    
 -0.485997319     ;  -1.59966946    
 -0.487150431     ;  -1.60023630    
 -0.488302648     ;  -1.60080516    
 -0.489453971     ;  -1.60137606    
 -0.490604430     ;  -1.60194898    
 -0.491753966     ;  -1.60252380    
 -0.492902607     ;  -1.60310066    
 -0.494050354     ;  -1.60367954    
 -0.495197177     ;  -1.60426044    
 -0.496343106     ;  -1.60484338    
 -0.497488111     ;  -1.60542834    
 -0.498632193     ;  -1.60601532    
 -0.499775350     ;  -1.60660434    
 -0.500917554     ;  -1.60719538    
 -0.502058804     ;  -1.60778856    
 -0.503199160     ;  -1.60838377    
 -0.504338562     ;  -1.60898101    
 -0.505477011     ;  -1.60958028    
 -0.506614506     ;  -1.61018169    
 -0.507750988     ;  -1.61078513    
 -0.508886516     ;  -1.61139071    
 -0.510021091     ;  -1.61199832    
 -0.511154652     ;  -1.61260808    
 -0.512287259     ;  -1.61321986    
 -0.513418853     ;  -1.61383379    
 -0.514549494     ;  -1.61444974    
 -0.515679121     ;  -1.61506784    
 -0.516807735     ;  -1.61568809    
 -0.517935336     ;  -1.61631048    
 -0.519061923     ;  -1.61693490    
 -0.520187497     ;  -1.61756146    
 -0.521312058     ;  -1.61819017    
 -0.522435546     ;  -1.61882102    
 -0.523558021     ;  -1.61945403    
 -0.524679422     ;  -1.62008917    
 -0.525799811     ;  -1.62072647    
 -0.526919127     ;  -1.62136602    
 -0.528037369     ;  -1.62200773    
 -0.529154539     ;  -1.62265158    
 -0.530270636     ;  -1.62329757    
 -0.531385660     ;  -1.62394583    
 -0.532499611     ;  -1.62459624    
 -0.533612490     ;  -1.62524879    
 -0.534724295     ;  -1.62590361    
 -0.535834968     ;  -1.62656057    
 -0.536944568     ;  -1.62721980    
 -0.538053036     ;  -1.62788129    
 -0.539160371     ;  -1.62854493    
 -0.540266573     ;  -1.62921083    
 -0.541371644     ;  -1.62987900    
 -0.542475581     ;  -1.63054943    
 -0.543578386     ;  -1.63122213    
 -0.544680059     ;  -1.63189697    
 -0.545780599     ;  -1.63257408    
 -0.546879947     ;  -1.63325357    
 -0.547978163     ;  -1.63393533    
 -0.549075186     ;  -1.63461936    
 -0.550171018     ;  -1.63530564    
 -0.551265657     ;  -1.63599420    
 -0.552359104     ;  -1.63668513    
 -0.553451359     ;  -1.63737833    
 -0.554542422     ;  -1.63807380    
 -0.555632234     ;  -1.63877165    
 -0.556720853     ;  -1.63947177    
 -0.557808220     ;  -1.64017427    
 -0.558894396     ;  -1.64087915    
 -0.559979320     ;  -1.64158630    
 -0.561062992     ;  -1.64229584    
 -0.562145412     ;  -1.64300776    
 -0.563226581     ;  -1.64372206    
 -0.564306498     ;  -1.64443874    
 -0.565385103     ;  -1.64515781    
 -0.566462457     ;  -1.64587927    
 -0.567538500     ;  -1.64660311    
 -0.568613231     ;  -1.64732933    
 -0.569686711     ;  -1.64805794    
 -0.570758879     ;  -1.64878905    
 -0.571829677     ;  -1.64952254    
 -0.572899163     ;  -1.65025842    
 -0.573967338     ;  -1.65099680    
 -0.575034142     ;  -1.65173757    
 -0.576099634     ;  -1.65248084    
 -0.577163756     ;  -1.65322661    
 -0.578226507     ;  -1.65397477    
 -0.579287887     ;  -1.65472543    
 -0.580347896     ;  -1.65547860    
 -0.581406534     ;  -1.65623426    
 -0.582463741     ;  -1.65699244    
 -0.583519578     ;  -1.65775311    
 -0.584573984     ;  -1.65851629    
 -0.585626960     ;  -1.65928197    
 -0.586678505     ;  -1.66005027    
 -0.587728620     ;  -1.66082108    
 -0.588777304     ;  -1.66159451    
 -0.589824557     ;  -1.66237044    
 -0.590870321     ;  -1.66314900    
 -0.591914594     ;  -1.66393006    
 -0.592957437     ;  -1.66471374    
 -0.593998790     ;  -1.66550004    
 -0.595038652     ;  -1.66628897    
 -0.596076965     ;  -1.66708040    
 -0.597113788     ;  -1.66787446    
