   1.50000000     ;   0.00000000    
   1.49999893     ;  -1.28594332E-03
   1.49999678     ;  -2.57188571E-03
   1.49999344     ;  -3.85782612E-03
   1.49998903     ;  -5.14376396E-03
   1.49998355     ;  -6.42969785E-03
   1.49997699     ;  -7.71562709E-03
   1.49996924     ;  -9.00155026E-03
   1.49996042     ;  -1.02874674E-02
   1.49995053     ;  -1.15733771E-02
   1.49993956     ;  -1.28592774E-02
   1.49992740     ;  -1.41451685E-02
   1.49991417     ;  -1.54310493E-02
   1.49989986     ;  -1.67169198E-02
   1.49988449     ;  -1.80027764E-02
   1.49986792     ;  -1.92886200E-02
   1.49985027     ;  -2.05744505E-02
   1.49983156     ;  -2.18602661E-02
   1.49981177     ;  -2.31460650E-02
   1.49979079     ;  -2.44318470E-02
   1.49976873     ;  -2.57176105E-02
   1.49974561     ;  -2.70033553E-02
   1.49972141     ;  -2.82890797E-02
   1.49969602     ;  -2.95747835E-02
   1.49966955     ;  -3.08604669E-02
   1.49964201     ;  -3.21461260E-02
   1.49961340     ;  -3.34317610E-02
   1.49958360     ;  -3.47173735E-02
   1.49955273     ;  -3.60029601E-02
   1.49952078     ;  -3.72885205E-02
   1.49948776     ;  -3.85740511E-02
   1.49945354     ;  -3.98595557E-02
   1.49941826     ;  -4.11450304E-02
   1.49938190     ;  -4.24304754E-02
   1.49934447     ;  -4.37158905E-02
   1.49930584     ;  -4.50012721E-02
   1.49926615     ;  -4.62866202E-02
   1.49922538     ;  -4.75719348E-02
   1.49918354     ;  -4.88572121E-02
   1.49914050     ;  -5.01424558E-02
   1.49909639     ;  -5.14276624E-02
   1.49905121     ;  -5.27128316E-02
   1.49900496     ;  -5.39979599E-02
   1.49895751     ;  -5.52830510E-02
   1.49890900     ;  -5.65681010E-02
   1.49885941     ;  -5.78531101E-02
   1.49880874     ;  -5.91380745E-02
   1.49875700     ;  -6.04229979E-02
   1.49870408     ;  -6.17078766E-02
   1.49865007     ;  -6.29927069E-02
   1.49859500     ;  -6.42774925E-02
   1.49853885     ;  -6.55622333E-02
   1.49848151     ;  -6.68469220E-02
   1.49842310     ;  -6.81315660E-02
   1.49836361     ;  -6.94161579E-02
   1.49830306     ;  -7.07006976E-02
   1.49824131     ;  -7.19851851E-02
   1.49817848     ;  -7.32696205E-02
   1.49811459     ;  -7.45540038E-02
   1.49804962     ;  -7.58383274E-02
   1.49798346     ;  -7.71225989E-02
   1.49791622     ;  -7.84068108E-02
   1.49784791     ;  -7.96909705E-02
   1.49777853     ;  -8.09750706E-02
   1.49770796     ;  -8.22591111E-02
   1.49763632     ;  -8.35430920E-02
   1.49756360     ;  -8.48270059E-02
   1.49748981     ;  -8.61108601E-02
   1.49741495     ;  -8.73946548E-02
   1.49733889     ;  -8.86783823E-02
   1.49726176     ;  -8.99620429E-02
   1.49718356     ;  -9.12456363E-02
   1.49710429     ;  -9.25291628E-02
   1.49702382     ;  -9.38126221E-02
   1.49694228     ;  -9.50960144E-02
   1.49685967     ;  -9.63793397E-02
   1.49677598     ;  -9.76625904E-02
   1.49669111     ;  -9.89457667E-02
   1.49660516     ; -0.100228876    
   1.49651814     ; -0.101511911    
   1.49643004     ; -0.102794871    
   1.49634087     ; -0.104077756    
   1.49625051     ; -0.105360560    
   1.49615908     ; -0.106643289    
   1.49606657     ; -0.107925937    
   1.49597299     ; -0.109208509    
   1.49587822     ; -0.110491000    
   1.49578238     ; -0.111773409    
   1.49568546     ; -0.113055736    
   1.49558747     ; -0.114337981    
   1.49548841     ; -0.115620144    
   1.49538815     ; -0.116902217    
   1.49528682     ; -0.118184209    
   1.49518442     ; -0.119466111    
   1.49508095     ; -0.120747924    
   1.49497628     ; -0.122029647    
   1.49487054     ; -0.123311281    
   1.49476373     ; -0.124592826    
   1.49465585     ; -0.125874281    
   1.49454689     ; -0.127155647    
   1.49443674     ; -0.128436908    
   1.49432552     ; -0.129718080    
   1.49421322     ; -0.130999163    
   1.49409986     ; -0.132280141    
   1.49398541     ; -0.133561030    
   1.49386978     ; -0.134841815    
   1.49375308     ; -0.136122510    
   1.49363530     ; -0.137403101    
   1.49351645     ; -0.138683587    
   1.49339652     ; -0.139963970    
   1.49327540     ; -0.141244248    
   1.49315321     ; -0.142524421    
   1.49302995     ; -0.143804491    
   1.49290562     ; -0.145084456    
   1.49278009     ; -0.146364316    
   1.49265349     ; -0.147644073    
   1.49252582     ; -0.148923725    
   1.49239707     ; -0.150203258    
   1.49226725     ; -0.151482686    
   1.49213624     ; -0.152761996    
   1.49200416     ; -0.154041201    
   1.49187100     ; -0.155320287    
   1.49173677     ; -0.156599268    
   1.49160147     ; -0.157878131    
   1.49146497     ; -0.159156874    
   1.49132740     ; -0.160435498    
   1.49118876     ; -0.161714002    
   1.49104905     ; -0.162992388    
   1.49090827     ; -0.164270654    
   1.49076641     ; -0.165548801    
   1.49062335     ; -0.166826829    
   1.49047923     ; -0.168104738    
   1.49033403     ; -0.169382513    
   1.49018776     ; -0.170660168    
   1.49004042     ; -0.171937704    
   1.48989189     ; -0.173215106    
   1.48974228     ; -0.174492389    
   1.48959160     ; -0.175769538    
   1.48943985     ; -0.177046552    
   1.48928702     ; -0.178323448    
   1.48913300     ; -0.179600209    
   1.48897791     ; -0.180876836    
   1.48882174     ; -0.182153329    
   1.48866451     ; -0.183429688    
   1.48850620     ; -0.184705913    
   1.48834682     ; -0.185982004    
   1.48818624     ; -0.187257960    
   1.48802459     ; -0.188533783    
   1.48786187     ; -0.189809456    
   1.48769808     ; -0.191084996    
   1.48753321     ; -0.192360401    
   1.48736727     ; -0.193635657    
   1.48720014     ; -0.194910765    
   1.48703194     ; -0.196185738    
   1.48686266     ; -0.197460562    
   1.48669231     ; -0.198735237    
   1.48652089     ; -0.200009778    
   1.48634839     ; -0.201284170    
   1.48617470     ; -0.202558413    
   1.48599994     ; -0.203832507    
   1.48582411     ; -0.205106452    
   1.48564720     ; -0.206380248    
   1.48546922     ; -0.207653895    
   1.48529017     ; -0.208927378    
   1.48510993     ; -0.210200712    
   1.48492861     ; -0.211473897    
   1.48474622     ; -0.212746918    
   1.48456275     ; -0.214019790    
   1.48437822     ; -0.215292498    
   1.48419261     ; -0.216565058    
   1.48400581     ; -0.217837453    
   1.48381793     ; -0.219109684    
   1.48362899     ; -0.220381752    
   1.48343897     ; -0.221653655    
   1.48324788     ; -0.222925410    
   1.48305571     ; -0.224197000    
   1.48286247     ; -0.225468412    
   1.48266804     ; -0.226739660    
   1.48247254     ; -0.228010744    
   1.48227596     ; -0.229281664    
   1.48207831     ; -0.230552420    
   1.48187959     ; -0.231822997    
   1.48167980     ; -0.233093411    
   1.48147893     ; -0.234363645    
   1.48127687     ; -0.235633716    
   1.48107374     ; -0.236903608    
   1.48086953     ; -0.238173321    
   1.48066425     ; -0.239442870    
   1.48045790     ; -0.240712240    
   1.48025048     ; -0.241981432    
   1.48004198     ; -0.243250445    
   1.47983241     ; -0.244519278    
   1.47962165     ; -0.245787933    
   1.47940981     ; -0.247056410    
   1.47919691     ; -0.248324707    
   1.47898293     ; -0.249592811    
   1.47876787     ; -0.250860751    
   1.47855175     ; -0.252128482    
   1.47833455     ; -0.253396034    
   1.47811627     ; -0.254663408    
   1.47789693     ; -0.255930603    
   1.47767639     ; -0.257197589    
   1.47745478     ; -0.258464396    
   1.47723210     ; -0.259731025    
   1.47700834     ; -0.260997444    
   1.47678351     ; -0.262263685    
   1.47655761     ; -0.263529718    
   1.47633064     ; -0.264795572    
   1.47610259     ; -0.266061217    
   1.47587347     ; -0.267326683    
   1.47564316     ; -0.268591940    
   1.47541177     ; -0.269857019    
   1.47517931     ; -0.271121889    
   1.47494578     ; -0.272386551    
   1.47471118     ; -0.273651004    
   1.47447550     ; -0.274915278    
   1.47423875     ; -0.276179343    
   1.47400093     ; -0.277443200    
   1.47376204     ; -0.278706849    
   1.47352207     ; -0.279970288    
   1.47328103     ; -0.281233549    
   1.47303879     ; -0.282496601    
   1.47279549     ; -0.283759445    
   1.47255111     ; -0.285022080    
   1.47230566     ; -0.286284506    
   1.47205913     ; -0.287546724    
   1.47181153     ; -0.288808703    
   1.47156286     ; -0.290070474    
   1.47131312     ; -0.291332036    
   1.47106230     ; -0.292593390    
   1.47081041     ; -0.293854535    
   1.47055745     ; -0.295115471    
   1.47030342     ; -0.296376169    
   1.47004831     ; -0.297636658    
   1.46979213     ; -0.298896939    
   1.46953475     ; -0.300156981    
   1.46927631     ; -0.301416814    
   1.46901679     ; -0.302676409    
   1.46875620     ; -0.303935796    
   1.46849453     ; -0.305194944    
   1.46823180     ; -0.306453884    
   1.46796799     ; -0.307712585    
   1.46770310     ; -0.308971077    
   1.46743715     ; -0.310229331    
   1.46717012     ; -0.311487347    
   1.46690202     ; -0.312745154    
   1.46663284     ; -0.314002723    
   1.46636260     ; -0.315260053    
   1.46609128     ; -0.316517174    
   1.46581888     ; -0.317774057    
   1.46554542     ; -0.319030702    
   1.46527088     ; -0.320287108    
   1.46499527     ; -0.321543276    
   1.46471858     ; -0.322799206    
   1.46444082     ; -0.324054897    
   1.46416199     ; -0.325310349    
   1.46388209     ; -0.326565564    
   1.46360099     ; -0.327820539    
   1.46331882     ; -0.329075277    
   1.46303558     ; -0.330329776    
   1.46275127     ; -0.331584036    
   1.46246588     ; -0.332838058    
   1.46217942     ; -0.334091812    
   1.46189189     ; -0.335345328    
   1.46160328     ; -0.336598605    
   1.46131361     ; -0.337851644    
   1.46102285     ; -0.339104414    
   1.46073103     ; -0.340356946    
   1.46043813     ; -0.341609240    
   1.46014416     ; -0.342861265    
   1.45984912     ; -0.344113052    
   1.45955300     ; -0.345364571    
   1.45925581     ; -0.346615851    
   1.45895755     ; -0.347866863    
   1.45865822     ; -0.349117637    
   1.45835781     ; -0.350368142    
   1.45805633     ; -0.351618379    
   1.45775378     ; -0.352868378    
   1.45745015     ; -0.354118109    
   1.45714545     ; -0.355367571    
   1.45683968     ; -0.356616765    
   1.45653284     ; -0.357865721    
   1.45622492     ; -0.359114408    
   1.45591593     ; -0.360362828    
   1.45560586     ; -0.361610979    
   1.45529473     ; -0.362858862    
   1.45498264     ; -0.364106476    
   1.45466948     ; -0.365353823    
   1.45435524     ; -0.366600901    
   1.45403993     ; -0.367847711    
   1.45372355     ; -0.369094253    
   1.45340610     ; -0.370340526    
   1.45308757     ; -0.371586531    
   1.45276797     ; -0.372832268    
   1.45244730     ; -0.374077737    
   1.45212555     ; -0.375322908    
   1.45180273     ; -0.376567811    
   1.45147884     ; -0.377812445    
   1.45115387     ; -0.379056782    
   1.45082784     ; -0.380300850    
   1.45050073     ; -0.381544650    
   1.45017254     ; -0.382788152    
   1.44984329     ; -0.384031385    
   1.44951296     ; -0.385274321    
   1.44918156     ; -0.386516988    
   1.44884908     ; -0.387759358    
   1.44851553     ; -0.389001459    
   1.44818103     ; -0.390243262    
   1.44784546     ; -0.391484797    
   1.44750881     ; -0.392726034    
   1.44717109     ; -0.393966973    
   1.44683230     ; -0.395207644    
   1.44649243     ; -0.396448016    
   1.44615149     ; -0.397688091    
   1.44580948     ; -0.398927867    
   1.44546640     ; -0.400167346    
   1.44512224     ; -0.401406556    
   1.44477701     ; -0.402645469    
   1.44443071     ; -0.403884083    
   1.44408345     ; -0.405122399    
   1.44373512     ; -0.406360418    
   1.44338572     ; -0.407598138    
   1.44303524     ; -0.408835560    
   1.44268370     ; -0.410072684    
   1.44233108     ; -0.411309510    
   1.44197738     ; -0.412546009    
   1.44162261     ; -0.413782209    
   1.44126678     ; -0.415018111    
   1.44090986     ; -0.416253716    
   1.44055200     ; -0.417488992    
   1.44019306     ; -0.418723971    
   1.43983305     ; -0.419958651    
   1.43947196     ; -0.421193033    
   1.43910980     ; -0.422427088    
   1.43874657     ; -0.423660845    
   1.43838227     ; -0.424894273    
   1.43801689     ; -0.426127404    
   1.43765056     ; -0.427360207    
   1.43728316     ; -0.428592712    
   1.43691468     ; -0.429824889    
   1.43654513     ; -0.431056768    
   1.43617451     ; -0.432288319    
   1.43580282     ; -0.433519542    
   1.43543005     ; -0.434750468    
   1.43505633     ; -0.435981065    
   1.43468153     ; -0.437211335    
   1.43430567     ; -0.438441277    
   1.43392873     ; -0.439670920    
   1.43355072     ; -0.440900236    
   1.43317163     ; -0.442129225    
   1.43279159     ; -0.443357885    
   1.43241048     ; -0.444586217    
   1.43202829     ; -0.445814222    
   1.43164504     ; -0.447041899    
   1.43126070     ; -0.448269248    
   1.43087530     ; -0.449496269    
   1.43048894     ; -0.450722963    
   1.43010151     ; -0.451949328    
   1.42971301     ; -0.453175366    
   1.42932343     ; -0.454401046    
   1.42893279     ; -0.455626398    
   1.42854106     ; -0.456851423    
   1.42814839     ; -0.458076119    
   1.42775464     ; -0.459300458    
   1.42735982     ; -0.460524470    
   1.42696393     ; -0.461748153    
   1.42656696     ; -0.462971479    
   1.42616904     ; -0.464194477    
   1.42577004     ; -0.465417147    
   1.42536998     ; -0.466639459    
   1.42496884     ; -0.467861444    
   1.42456663     ; -0.469083071    
   1.42416346     ; -0.470304340    
   1.42375922     ; -0.471525282    
   1.42335391     ; -0.472745866    
   1.42294753     ; -0.473966122    
   1.42254019     ; -0.475186020    
   1.42213178     ; -0.476405561    
   1.42172229     ; -0.477624744    
   1.42131174     ; -0.478843600    
   1.42090023     ; -0.480062097    
   1.42048764     ; -0.481280237    
   1.42007399     ; -0.482498020    
   1.41965926     ; -0.483715445    
   1.41924345     ; -0.484932512    
   1.41882670     ; -0.486149222    
   1.41840887     ; -0.487365574    
   1.41798997     ; -0.488581568    
   1.41756999     ; -0.489797205    
   1.41714907     ; -0.491012484    
   1.41672707     ; -0.492227405    
   1.41630399     ; -0.493441969    
   1.41587996     ; -0.494656175    
   1.41545486     ; -0.495870024    
   1.41502869     ; -0.497083485    
   1.41460145     ; -0.498296589    
   1.41417325     ; -0.499509335    
   1.41374397     ; -0.500721693    
   1.41331363     ; -0.501933694    
   1.41288221     ; -0.503145337    
   1.41244984     ; -0.504356623    
   1.41201639     ; -0.505567491    
   1.41158187     ; -0.506778002    
   1.41114640     ; -0.507988155    
   1.41070986     ; -0.509197950    
   1.41027224     ; -0.510407329    
   1.40983367     ; -0.511616349    
   1.40939403     ; -0.512825012    
   1.40895331     ; -0.514033318    
   1.40851152     ; -0.515241206    
   1.40806878     ; -0.516448736    
   1.40762496     ; -0.517655849    
   1.40718007     ; -0.518862605    
   1.40673423     ; -0.520069003    
   1.40628731     ; -0.521274984    
   1.40583932     ; -0.522480607    
   1.40539038     ; -0.523685813    
   1.40494037     ; -0.524890661    
   1.40448928     ; -0.526095092    
   1.40403724     ; -0.527299166    
   1.40358412     ; -0.528502822    
   1.40312994     ; -0.529706120    
   1.40267479     ; -0.530909002    
   1.40221858     ; -0.532111526    
   1.40176129     ; -0.533313632    
   1.40130305     ; -0.534515381    
   1.40084374     ; -0.535716712    
   1.40038347     ; -0.536917686    
   1.39992213     ; -0.538118243    
   1.39945972     ; -0.539318383    
   1.39899635     ; -0.540518165    
   1.39853191     ; -0.541717529    
   1.39806640     ; -0.542916477    
   1.39759994     ; -0.544115067    
   1.39713240     ; -0.545313239    
   1.39666390     ; -0.546510994    
   1.39619434     ; -0.547708333    
   1.39572370     ; -0.548905313    
   1.39525211     ; -0.550101876    
   1.39477944     ; -0.551298022    
   1.39430571     ; -0.552493751    
   1.39383101     ; -0.553689122    
   1.39335525     ; -0.554884076    
   1.39287853     ; -0.556078613    
   1.39240074     ; -0.557272732    
   1.39192200     ; -0.558466434    
   1.39144218     ; -0.559659719    
   1.39096129     ; -0.560852587    
   1.39047945     ; -0.562045038    
   1.38999653     ; -0.563237071    
   1.38951266     ; -0.564428747    
   1.38902771     ; -0.565620005    
   1.38854182     ; -0.566810846    
   1.38805485     ; -0.568001270    
   1.38756680     ; -0.569191277    
   1.38707781     ; -0.570380867    
   1.38658774     ; -0.571570039    
   1.38609672     ; -0.572758794    
   1.38560462     ; -0.573947072    
   1.38511157     ; -0.575134933    
   1.38461745     ; -0.576322377    
   1.38412237     ; -0.577509403    
   1.38362622     ; -0.578696012    
   1.38312900     ; -0.579882205    
   1.38263083     ; -0.581067979    
   1.38213158     ; -0.582253337    
   1.38163137     ; -0.583438218    
   1.38113010     ; -0.584622681    
   1.38062787     ; -0.585806727    
   1.38012457     ; -0.586990356    
   1.37962031     ; -0.588173568    
   1.37911499     ; -0.589356303    
   1.37860870     ; -0.590538621    
   1.37810135     ; -0.591720521    
   1.37759304     ; -0.592901945    
   1.37708366     ; -0.594082952    
   1.37657332     ; -0.595263541    
   1.37606192     ; -0.596443713    
   1.37554955     ; -0.597623408    
   1.37503612     ; -0.598802686    
   1.37452173     ; -0.599981487    
   1.37400627     ; -0.601159871    
   1.37348986     ; -0.602337837    
   1.37297237     ; -0.603515327    
   1.37245393     ; -0.604692400    
   1.37193453     ; -0.605868995    
   1.37141407     ; -0.607045174    
   1.37089264     ; -0.608220875    
   1.37037015     ; -0.609396160    
   1.36984670     ; -0.610570967    
   1.36932218     ; -0.611745358    
   1.36879671     ; -0.612919271    
   1.36827016     ; -0.614092767    
   1.36774266     ; -0.615265787    
   1.36721420     ; -0.616438389    
   1.36668468     ; -0.617610514    
   1.36615419     ; -0.618782163    
   1.36562264     ; -0.619953394    
   1.36509013     ; -0.621124148    
   1.36455655     ; -0.622294426    
   1.36402202     ; -0.623464286    
   1.36348653     ; -0.624633670    
   1.36294997     ; -0.625802577    
   1.36241245     ; -0.626971066    
   1.36187387     ; -0.628139079    
   1.36133432     ; -0.629306614    
   1.36079383     ; -0.630473673    
   1.36025226     ; -0.631640315    
   1.35970974     ; -0.632806480    
   1.35916615     ; -0.633972168    
   1.35862160     ; -0.635137379    
   1.35807610     ; -0.636302114    
   1.35752952     ; -0.637466371    
   1.35698199     ; -0.638630211    
   1.35643351     ; -0.639793575    
   1.35588396     ; -0.640956461    
   1.35533345     ; -0.642118871    
   1.35478187     ; -0.643280804    
   1.35422933     ; -0.644442260    
   1.35367584     ; -0.645603240    
   1.35312128     ; -0.646763742    
   1.35256577     ; -0.647923768    
   1.35200930     ; -0.649083316    
   1.35145175     ; -0.650242388    
   1.35089326     ; -0.651400983    
   1.35033381     ; -0.652559102    
   1.34977329     ; -0.653716743    
   1.34921181     ; -0.654873908    
   1.34864938     ; -0.656030595    
   1.34808588     ; -0.657186806    
   1.34752142     ; -0.658342540    
   1.34695601     ; -0.659497797    
   1.34638953     ; -0.660652578    
   1.34582210     ; -0.661806822    
   1.34525371     ; -0.662960589    
   1.34468436     ; -0.664113879    
   1.34411395     ; -0.665266693    
   1.34354258     ; -0.666419029    
   1.34297025     ; -0.667570829    
   1.34239686     ; -0.668722153    
   1.34182250     ; -0.669872999    
   1.34124720     ; -0.671023369    
   1.34067094     ; -0.672173202    
   1.34009361     ; -0.673322558    
   1.33951533     ; -0.674471438    
   1.33893609     ; -0.675619841    
   1.33835590     ; -0.676767707    
   1.33777463     ; -0.677915096    
   1.33719242     ; -0.679062009    
   1.33660924     ; -0.680208385    
   1.33602512     ; -0.681354284    
   1.33543992     ; -0.682499647    
   1.33485377     ; -0.683644533    
   1.33426666     ; -0.684788942    
   1.33367860     ; -0.685932815    
   1.33308947     ; -0.687076211    
   1.33249938     ; -0.688219070    
   1.33190835     ; -0.689361453    
   1.33131635     ; -0.690503299    
   1.33072340     ; -0.691644669    
   1.33012938     ; -0.692785501    
   1.32953441     ; -0.693925858    
   1.32893848     ; -0.695065677    
   1.32834160     ; -0.696204960    
   1.32774377     ; -0.697343767    
   1.32714486     ; -0.698482037    
   1.32654500     ; -0.699619830    
   1.32594419     ; -0.700757086    
   1.32534242     ; -0.701893806    
   1.32473969     ; -0.703030050    
   1.32413590     ; -0.704165757    
   1.32353115     ; -0.705300927    
   1.32292545     ; -0.706435621    
   1.32231879     ; -0.707569778    
   1.32171118     ; -0.708703399    
   1.32110262     ; -0.709836543    
   1.32049298     ; -0.710969150    
   1.31988239     ; -0.712101221    
   1.31927085     ; -0.713232756    
   1.31865835     ; -0.714363754    
   1.31804490     ; -0.715494275    
   1.31743050     ; -0.716624260    
   1.31681514     ; -0.717753708    
   1.31619883     ; -0.718882620    
   1.31558144     ; -0.720010996    
   1.31496310     ; -0.721138835    
   1.31434381     ; -0.722266138    
   1.31372356     ; -0.723392963    
   1.31310236     ; -0.724519253    
   1.31248021     ; -0.725645006    
   1.31185710     ; -0.726770222    
   1.31123304     ; -0.727894902    
   1.31060803     ; -0.729019046    
   1.30998206     ; -0.730142653    
   1.30935502     ; -0.731265724    
   1.30872703     ; -0.732388258    
   1.30809808     ; -0.733510256    
   1.30746818     ; -0.734631717    
   1.30683732     ; -0.735752642    
   1.30620551     ; -0.736873031    
   1.30557275     ; -0.737992883    
   1.30493903     ; -0.739112139    
   1.30430436     ; -0.740230858    
   1.30366874     ; -0.741349041    
   1.30303216     ; -0.742466688    
   1.30239463     ; -0.743583798    
   1.30175614     ; -0.744700372    
   1.30111670     ; -0.745816410    
   1.30047631     ; -0.746931851    
   1.29983497     ; -0.748046756    
   1.29919267     ; -0.749161124    
   1.29854941     ; -0.750274956    
   1.29790521     ; -0.751388192    
   1.29726005     ; -0.752500892    
   1.29661393     ; -0.753613055    
   1.29596686     ; -0.754724681    
   1.29531884     ; -0.755835712    
   1.29466987     ; -0.756946206    
   1.29401994     ; -0.758056164    
   1.29336905     ; -0.759165525    
   1.29271722     ; -0.760274351    
   1.29206443     ; -0.761382639    
   1.29141068     ; -0.762490332    
   1.29075599     ; -0.763597488    
   1.29010034     ; -0.764704049    
   1.28944373     ; -0.765810072    
   1.28878617     ; -0.766915500    
   1.28812766     ; -0.768020391    
   1.28746819     ; -0.769124746    
   1.28680778     ; -0.770228505    
   1.28614640     ; -0.771331728    
   1.28548408     ; -0.772434354    
   1.28482080     ; -0.773536444    
   1.28415656     ; -0.774637938    
   1.28349149     ; -0.775738835    
   1.28282547     ; -0.776839197    
   1.28215849     ; -0.777938962    
   1.28149056     ; -0.779038191    
   1.28082168     ; -0.780136824    
   1.28015184     ; -0.781234860    
   1.27948105     ; -0.782332361    
   1.27880931     ; -0.783429265    
   1.27813661     ; -0.784525633    
   1.27746296     ; -0.785621405    
   1.27678847     ; -0.786716580    
   1.27611303     ; -0.787811160    
   1.27543664     ; -0.788905203    
   1.27475929     ; -0.789998651    
   1.27408099     ; -0.791091502    
   1.27340174     ; -0.792183816    
   1.27272153     ; -0.793275535    
   1.27204049     ; -0.794366658    
   1.27135849     ; -0.795457184    
   1.27067554     ; -0.796547115    
   1.26999164     ; -0.797636509    
   1.26930678     ; -0.798725307    
   1.26862097     ; -0.799813509    
   1.26793420     ; -0.800901115    
   1.26724660     ; -0.801988125    
   1.26655805     ; -0.803074539    
   1.26586854     ; -0.804160357    
   1.26517808     ; -0.805245578    
   1.26448667     ; -0.806330204    
   1.26379442     ; -0.807414293    
   1.26310122     ; -0.808497787    
   1.26240706     ; -0.809580684    
   1.26171196     ; -0.810662985    
   1.26101589     ; -0.811744690    
   1.26031899     ; -0.812825799    
   1.25962114     ; -0.813906312    
   1.25892234     ; -0.814986229    
   1.25822258     ; -0.816065550    
   1.25752199     ; -0.817144215    
   1.25682044     ; -0.818222284    
   1.25611794     ; -0.819299757    
   1.25541449     ; -0.820376635    
   1.25471020     ; -0.821452916    
   1.25400496     ; -0.822528601    
   1.25329876     ; -0.823603690    
   1.25259161     ; -0.824678183    
   1.25188363     ; -0.825752020    
   1.25117469     ; -0.826825261    
   1.25046480     ; -0.827897906    
   1.24975407     ; -0.828969955    
   1.24904239     ; -0.830041409    
   1.24832976     ; -0.831112206    
   1.24761617     ; -0.832182407    
   1.24690175     ; -0.833252013    
   1.24618638     ; -0.834321022    
   1.24547005     ; -0.835389376    
   1.24475288     ; -0.836457133    
   1.24403477     ; -0.837524295    
   1.24331570     ; -0.838590801    
   1.24259579     ; -0.839656711    
   1.24187493     ; -0.840722024    
   1.24115312     ; -0.841786683    
   1.24043047     ; -0.842850745    
   1.23970687     ; -0.843914211    
   1.23898232     ; -0.844977021    
   1.23825693     ; -0.846039236    
   1.23753059     ; -0.847100794    
   1.23680329     ; -0.848161757    
   1.23607516     ; -0.849222064    
   1.23534608     ; -0.850281775    
   1.23461616     ; -0.851340830    
   1.23388529     ; -0.852399290    
   1.23315346     ; -0.853457093    
   1.23242080     ; -0.854514301    
   1.23168719     ; -0.855570853    
   1.23095274     ; -0.856626809    
   1.23021734     ; -0.857682109    
   1.22948098     ; -0.858736813    
   1.22874379     ; -0.859790862    
   1.22800565     ; -0.860844314    
   1.22726667     ; -0.861897111    
   1.22652674     ; -0.862949252    
   1.22578585     ; -0.864000797    
   1.22504413     ; -0.865051687    
   1.22430146     ; -0.866101921    
   1.22355795     ; -0.867151558    
   1.22281349     ; -0.868200541    
   1.22206819     ; -0.869248867    
   1.22132194     ; -0.870296597    
   1.22057486     ; -0.871343672    
   1.21982682     ; -0.872390091    
   1.21907794     ; -0.873435855    
   1.21832812     ; -0.874481022    
   1.21757746     ; -0.875525534    
   1.21682584     ; -0.876569390    
   1.21607339     ; -0.877612591    
   1.21531999     ; -0.878655136    
   1.21456575     ; -0.879697025    
   1.21381056     ; -0.880738318    
   1.21305454     ; -0.881778955    
   1.21229756     ; -0.882818937    
   1.21153975     ; -0.883858263    
   1.21078098     ; -0.884896934    
   1.21002138     ; -0.885934949    
   1.20926082     ; -0.886972308    
   1.20849943     ; -0.888009012    
   1.20773709     ; -0.889045060    
   1.20697391     ; -0.890080452    
   1.20620978     ; -0.891115189    
   1.20544481     ; -0.892149270    
   1.20467901     ; -0.893182695    
   1.20391226     ; -0.894215465    
   1.20314467     ; -0.895247579    
   1.20237613     ; -0.896279037    
   1.20160675     ; -0.897309840    
   1.20083642     ; -0.898339987    
   1.20006526     ; -0.899369478    
   1.19929326     ; -0.900398314    
   1.19852030     ; -0.901426494    
   1.19774652     ; -0.902454019    
   1.19697177     ; -0.903480887    
   1.19619620     ; -0.904507101    
   1.19541979     ; -0.905532598    
   1.19464242     ; -0.906557441    
   1.19386423     ; -0.907581627    
   1.19308519     ; -0.908605158    
   1.19230521     ; -0.909628034    
   1.19152439     ; -0.910650194    
   1.19074261     ; -0.911671698    
   1.18996000     ; -0.912692547    
   1.18917656     ; -0.913712740    
   1.18839216     ; -0.914732218    
   1.18760693     ; -0.915751040    
   1.18682086     ; -0.916769207    
   1.18603384     ; -0.917786717    
   1.18524599     ; -0.918803513    
   1.18445730     ; -0.919819653    
   1.18366778     ; -0.920835137    
   1.18287730     ; -0.921849906    
   1.18208599     ; -0.922864020    
   1.18129385     ; -0.923877478    
   1.18050075     ; -0.924890220    
   1.17970681     ; -0.925902307    
   1.17891204     ; -0.926913679    
   1.17811644     ; -0.927924395    
   1.17731988     ; -0.928934395    
   1.17652249     ; -0.929943740    
   1.17572427     ; -0.930952370    
   1.17492509     ; -0.931960344    
   1.17412508     ; -0.932967663    
   1.17332423     ; -0.933974266    
   1.17252254     ; -0.934980154    
   1.17172003     ; -0.935985386    
   1.17091656     ; -0.936989903    
   1.17011225     ; -0.937993765    
   1.16930711     ; -0.938996911    
   1.16850114     ; -0.939999402    
   1.16769421     ; -0.941001177    
   1.16688645     ; -0.942002296    
   1.16607785     ; -0.943002701    
   1.16526842     ; -0.944002390    
   1.16445816     ; -0.945001423    
   1.16364694     ; -0.945999742    
   1.16283488     ; -0.946997344    
   1.16202199     ; -0.947994292    
   1.16120827     ; -0.948990524    
   1.16039371     ; -0.949986041    
   1.15957832     ; -0.950980902    
   1.15876198     ; -0.951975048    
   1.15794480     ; -0.952968478    
   1.15712678     ; -0.953961194    
   1.15630794     ; -0.954953253    
   1.15548825     ; -0.955944598    
   1.15466774     ; -0.956935227    
   1.15384638     ; -0.957925141    
   1.15302420     ; -0.958914340    
   1.15220106     ; -0.959902883    
   1.15137708     ; -0.960890710    
   1.15055227     ; -0.961877823    
   1.14972663     ; -0.962864220    
   1.14890015     ; -0.963849902    
   1.14807284     ; -0.964834869    
   1.14724469     ; -0.965819120    
   1.14641571     ; -0.966802657    
   1.14558589     ; -0.967785537    
   1.14475524     ; -0.968767703    
   1.14392376     ; -0.969749153    
   1.14309144     ; -0.970729887    
   1.14225817     ; -0.971709907    
   1.14142406     ; -0.972689211    
   1.14058912     ; -0.973667800    
   1.13975334     ; -0.974645674    
   1.13891673     ; -0.975622833    
   1.13807929     ; -0.976599276    
   1.13724101     ; -0.977575004    
   1.13640189     ; -0.978550017    
   1.13556194     ; -0.979524255    
   1.13472116     ; -0.980497777    
   1.13387954     ; -0.981470585    
   1.13303709     ; -0.982442677    
   1.13219380     ; -0.983414054    
   1.13134968     ; -0.984384716    
   1.13050473     ; -0.985354662    
   1.12965894     ; -0.986323893    
   1.12881231     ; -0.987292409    
   1.12796485     ; -0.988260150    
   1.12711656     ; -0.989227176    
   1.12626743     ; -0.990193486    
   1.12541759     ; -0.991159081    
   1.12456691     ; -0.992123961    
   1.12371540     ; -0.993088067    
   1.12286305     ; -0.994051456    
   1.12200987     ; -0.995014131    
   1.12115586     ; -0.995976090    
   1.12030101     ; -0.996937275    
   1.11944532     ; -0.997897744    
   1.11858881     ; -0.998857498    
   1.11773145     ; -0.999816477    
   1.11687326     ;  -1.00077474    
   1.11601424     ;  -1.00173223    
   1.11515450     ;  -1.00268900    
   1.11429393     ;  -1.00364506    
   1.11343253     ;  -1.00460041    
   1.11257029     ;  -1.00555503    
   1.11170721     ;  -1.00650883    
   1.11084330     ;  -1.00746191    
   1.10997856     ;  -1.00841427    
   1.10911298     ;  -1.00936592    
   1.10824668     ;  -1.01031685    
   1.10737956     ;  -1.01126695    
   1.10651159     ;  -1.01221633    
   1.10564280     ;  -1.01316500    
   1.10477316     ;  -1.01411295    
   1.10390282     ;  -1.01506007    
   1.10303164     ;  -1.01600647    
   1.10215962     ;  -1.01695216    
   1.10128677     ;  -1.01789713    
   1.10041308     ;  -1.01884127    
   1.09953868     ;  -1.01978469    
   1.09866345     ;  -1.02072740    
   1.09778738     ;  -1.02166927    
   1.09691048     ;  -1.02261043    
   1.09603274     ;  -1.02355087    
   1.09515429     ;  -1.02449048    
   1.09427500     ;  -1.02542937    
   1.09339488     ;  -1.02636755    
   1.09251392     ;  -1.02730489    
   1.09163225     ;  -1.02824152    
   1.09074974     ;  -1.02917743    
   1.08986640     ;  -1.03011250    
   1.08898222     ;  -1.03104687    
   1.08809733     ;  -1.03198051    
   1.08721161     ;  -1.03291333    
   1.08632505     ;  -1.03384542    
   1.08543777     ;  -1.03477681    
   1.08454967     ;  -1.03570735    
   1.08366072     ;  -1.03663719    
   1.08277106     ;  -1.03756630    
   1.08188057     ;  -1.03849459    
   1.08098924     ;  -1.03942215    
   1.08009720     ;  -1.04034889    
   1.07920432     ;  -1.04127491    
   1.07831061     ;  -1.04220009    
   1.07741618     ;  -1.04312456    
   1.07652092     ;  -1.04404831    
   1.07562482     ;  -1.04497123    
   1.07472801     ;  -1.04589343    
   1.07383037     ;  -1.04681480    
   1.07293189     ;  -1.04773545    
   1.07203269     ;  -1.04865527    
   1.07113266     ;  -1.04957438    
   1.07023191     ;  -1.05049264    
   1.06933033     ;  -1.05141020    
   1.06842792     ;  -1.05232692    
   1.06752479     ;  -1.05324292    
   1.06662083     ;  -1.05415809    
   1.06571615     ;  -1.05507255    
   1.06481063     ;  -1.05598617    
   1.06390429     ;  -1.05689907    
   1.06299722     ;  -1.05781114    
   1.06208932     ;  -1.05872250    
   1.06118071     ;  -1.05963302    
   1.06027126     ;  -1.06054282    
   1.05936110     ;  -1.06145179    
   1.05845010     ;  -1.06236005    
   1.05753839     ;  -1.06326747    
   1.05662584     ;  -1.06417418    
   1.05571258     ;  -1.06508005    
   1.05479848     ;  -1.06598520    
   1.05388367     ;  -1.06688952    
   1.05296803     ;  -1.06779301    
   1.05205166     ;  -1.06869578    
   1.05113447     ;  -1.06959772    
   1.05021656     ;  -1.07049894    
   1.04929781     ;  -1.07139933    
   1.04837835     ;  -1.07229888    
   1.04745805     ;  -1.07319772    
   1.04653704     ;  -1.07409573    
   1.04561520     ;  -1.07499301    
   1.04469264     ;  -1.07588947    
   1.04376924     ;  -1.07678509    
   1.04284513     ;  -1.07767999    
   1.04192019     ;  -1.07857406    
   1.04099452     ;  -1.07946730    
   1.04006815     ;  -1.08035982    
   1.03914094     ;  -1.08125150    
   1.03821301     ;  -1.08214235    
   1.03728426     ;  -1.08303249    
   1.03635478     ;  -1.08392179    
   1.03542459     ;  -1.08481026    
   1.03449357     ;  -1.08569801    
   1.03356183     ;  -1.08658493    
   1.03262925     ;  -1.08747101    
   1.03169596     ;  -1.08835638    
   1.03076196     ;  -1.08924091    
   1.02982712     ;  -1.09012461    
   1.02889156     ;  -1.09100747    
   1.02795529     ;  -1.09188962    
   1.02701819     ;  -1.09277093    
   1.02608037     ;  -1.09365141    
   1.02514184     ;  -1.09453106    
   1.02420247     ;  -1.09540999    
   1.02326238     ;  -1.09628808    
   1.02232158     ;  -1.09716535    
   1.02137995     ;  -1.09804177    
   1.02043760     ;  -1.09891748    
   1.01949453     ;  -1.09979236    
   1.01855063     ;  -1.10066640    
   1.01760602     ;  -1.10153961    
   1.01666069     ;  -1.10241210    
   1.01571465     ;  -1.10328376    
   1.01476777     ;  -1.10415459    
   1.01382017     ;  -1.10502458    
   1.01287186     ;  -1.10589373    
   1.01192284     ;  -1.10676205    
   1.01097298     ;  -1.10762966    
   1.01002240     ;  -1.10849643    
   1.00907111     ;  -1.10936236    
   1.00811911     ;  -1.11022747    
   1.00716627     ;  -1.11109173    
   1.00621271     ;  -1.11195517    
   1.00525844     ;  -1.11281788    
   1.00430346     ;  -1.11367977    
   1.00334775     ;  -1.11454082    
   1.00239122     ;  -1.11540103    
   1.00143397     ;  -1.11626041    
   1.00047600     ;  -1.11711895    
  0.999517322     ;  -1.11797667    
  0.998557866     ;  -1.11883354    
  0.997597694     ;  -1.11968970    
  0.996636808     ;  -1.12054503    
  0.995675147     ;  -1.12139952    
  0.994712770     ;  -1.12225318    
  0.993749678     ;  -1.12310600    
  0.992785871     ;  -1.12395799    
  0.991821289     ;  -1.12480915    
  0.990855992     ;  -1.12565947    
  0.989889979     ;  -1.12650895    
  0.988923252     ;  -1.12735760    
  0.987955749     ;  -1.12820542    
  0.986987531     ;  -1.12905240    
  0.986018598     ;  -1.12989855    
  0.985048950     ;  -1.13074386    
  0.984078586     ;  -1.13158834    
  0.983107507     ;  -1.13243198    
  0.982135653     ;  -1.13327479    
  0.981163085     ;  -1.13411677    
  0.980189800     ;  -1.13495791    
  0.979215801     ;  -1.13579822    
  0.978241086     ;  -1.13663769    
  0.977265656     ;  -1.13747633    
  0.976289511     ;  -1.13831413    
  0.975312650     ;  -1.13915110    
  0.974335074     ;  -1.13998723    
  0.973356783     ;  -1.14082253    
  0.972377777     ;  -1.14165699    
  0.971398056     ;  -1.14249063    
  0.970417619     ;  -1.14332342    
  0.969436467     ;  -1.14415538    
  0.968454599     ;  -1.14498651    
  0.967472017     ;  -1.14581680    
  0.966488719     ;  -1.14664626    
  0.965504706     ;  -1.14747488    
  0.964519978     ;  -1.14830267    
  0.963534534     ;  -1.14912963    
  0.962548375     ;  -1.14995575    
  0.961561501     ;  -1.15078104    
  0.960573971     ;  -1.15160549    
  0.959585726     ;  -1.15242898    
  0.958596766     ;  -1.15325165    
  0.957607090     ;  -1.15407348    
  0.956616700     ;  -1.15489447    
  0.955625594     ;  -1.15571463    
  0.954633832     ;  -1.15653396    
  0.953641355     ;  -1.15735245    
  0.952648163     ;  -1.15817010    
  0.951654255     ;  -1.15898681    
  0.950659692     ;  -1.15980268    
  0.949664414     ;  -1.16061771    
  0.948668420     ;  -1.16143191    
  0.947671711     ;  -1.16224527    
  0.946674347     ;  -1.16305780    
  0.945676267     ;  -1.16386938    
  0.944677472     ;  -1.16468012    
  0.943678021     ;  -1.16549003    
  0.942677855     ;  -1.16629910    
  0.941676974     ;  -1.16710734    
  0.940675437     ;  -1.16791475    
  0.939673185     ;  -1.16872120    
  0.938670278     ;  -1.16952682    
  0.937666655     ;  -1.17033160    
  0.936662316     ;  -1.17113554    
  0.935657322     ;  -1.17193854    
  0.934651613     ;  -1.17274070    
  0.933645248     ;  -1.17354202    
  0.932638168     ;  -1.17434251    
  0.931630433     ;  -1.17514217    
  0.930621982     ;  -1.17594087    
  0.929612875     ;  -1.17673874    
  0.928603053     ;  -1.17753577    
  0.927592576     ;  -1.17833197    
  0.926581383     ;  -1.17912722    
  0.925569534     ;  -1.17992163    
  0.924556971     ;  -1.18071520    
  0.923543751     ;  -1.18150783    
  0.922529876     ;  -1.18229961    
  0.921515286     ;  -1.18309057    
  0.920500040     ;  -1.18388069    
  0.919484079     ;  -1.18466985    
  0.918467462     ;  -1.18545818    
  0.917450190     ;  -1.18624568    
  0.916432202     ;  -1.18703222    
  0.915413558     ;  -1.18781793    
  0.914394259     ;  -1.18860281    
  0.913374305     ;  -1.18938673    
  0.912353635     ;  -1.19016981    
  0.911332309     ;  -1.19095206    
  0.910310328     ;  -1.19173336    
  0.909287691     ;  -1.19251382    
  0.908264339     ;  -1.19329345    
  0.907240331     ;  -1.19407213    
  0.906215668     ;  -1.19484997    
  0.905190349     ;  -1.19562697    
  0.904164374     ;  -1.19640303    
  0.903137684     ;  -1.19717824    
  0.902110338     ;  -1.19795251    
  0.901082337     ;  -1.19872594    
  0.900053680     ;  -1.19949853    
  0.899024367     ;  -1.20027018    
  0.897994399     ;  -1.20104098    
  0.896963775     ;  -1.20181084    
  0.895932496     ;  -1.20257986    
  0.894900560     ;  -1.20334804    
  0.893867970     ;  -1.20411527    
  0.892834663     ;  -1.20488167    
  0.891800702     ;  -1.20564711    
  0.890766084     ;  -1.20641172    
  0.889730811     ;  -1.20717537    
  0.888694882     ;  -1.20793819    
  0.887658358     ;  -1.20870018    
  0.886621177     ;  -1.20946121    
  0.885583341     ;  -1.21022141    
  0.884544849     ;  -1.21098065    
  0.883505702     ;  -1.21173906    
  0.882465899     ;  -1.21249652    
  0.881425440     ;  -1.21325314    
  0.880384326     ;  -1.21400881    
  0.879342556     ;  -1.21476364    
  0.878300130     ;  -1.21551752    
  0.877257109     ;  -1.21627057    
  0.876213431     ;  -1.21702266    
  0.875169098     ;  -1.21777391    
  0.874124110     ;  -1.21852422    
  0.873078465     ;  -1.21927369    
  0.872032166     ;  -1.22002220    
  0.870985270     ;  -1.22076988    
  0.869937718     ;  -1.22151661    
  0.868889511     ;  -1.22226250    
  0.867840648     ;  -1.22300744    
  0.866791189     ;  -1.22375154    
  0.865741074     ;  -1.22449470    
  0.864690304     ;  -1.22523689    
  0.863638937     ;  -1.22597826    
  0.862586915     ;  -1.22671866    
  0.861534238     ;  -1.22745824    
  0.860480964     ;  -1.22819686    
  0.859427035     ;  -1.22893465    
  0.858372509     ;  -1.22967148    
  0.857317328     ;  -1.23040748    
  0.856261492     ;  -1.23114252    
  0.855205059     ;  -1.23187661    
  0.854147971     ;  -1.23260987    
  0.853090286     ;  -1.23334217    
  0.852031946     ;  -1.23407364    
  0.850973010     ;  -1.23480415    
  0.849913418     ;  -1.23553371    
  0.848853230     ;  -1.23626244    
  0.847792387     ;  -1.23699021    
  0.846730947     ;  -1.23771703    
  0.845668852     ;  -1.23844302    
  0.844606161     ;  -1.23916805    
  0.843542814     ;  -1.23989224    
  0.842478871     ;  -1.24061549    
  0.841414332     ;  -1.24133778    
  0.840349138     ;  -1.24205923    
  0.839283347     ;  -1.24277973    
  0.838216901     ;  -1.24349928    
  0.837149858     ;  -1.24421799    
  0.836082220     ;  -1.24493575    
  0.835013926     ;  -1.24565256    
  0.833945036     ;  -1.24636853    
  0.832875550     ;  -1.24708354    
  0.831805468     ;  -1.24779761    
  0.830734730     ;  -1.24851072    
  0.829663396     ;  -1.24922299    
  0.828591466     ;  -1.24993432    
  0.827518940     ;  -1.25064468    
  0.826445758     ;  -1.25135422    
  0.825371981     ;  -1.25206280    
  0.824297607     ;  -1.25277042    
  0.823222637     ;  -1.25347710    
  0.822147071     ;  -1.25418293    
  0.821070850     ;  -1.25488782    
  0.819994032     ;  -1.25559175    
  0.818916619     ;  -1.25629485    
  0.817838609     ;  -1.25699699    
  0.816760004     ;  -1.25769818    
  0.815680802     ;  -1.25839841    
  0.814601004     ;  -1.25909781    
  0.813520610     ;  -1.25979626    
  0.812439620     ;  -1.26049376    
  0.811358035     ;  -1.26119030    
  0.810275853     ;  -1.26188588    
  0.809193075     ;  -1.26258063    
  0.808109701     ;  -1.26327443    
  0.807025731     ;  -1.26396728    
  0.805941164     ;  -1.26465917    
  0.804856002     ;  -1.26535010    
  0.803770244     ;  -1.26604021    
  0.802683890     ;  -1.26672935    
  0.801596940     ;  -1.26741755    
  0.800509393     ;  -1.26810479    
  0.799421251     ;  -1.26879108    
  0.798332512     ;  -1.26947653    
  0.797243178     ;  -1.27016103    
  0.796153307     ;  -1.27084458    
  0.795062840     ;  -1.27152717    
  0.793971777     ;  -1.27220881    
  0.792880118     ;  -1.27288949    
  0.791787863     ;  -1.27356935    
  0.790695071     ;  -1.27424824    
  0.789601684     ;  -1.27492619    
  0.788507700     ;  -1.27560318    
  0.787413120     ;  -1.27627921    
  0.786318004     ;  -1.27695429    
  0.785222292     ;  -1.27762842    
  0.784125984     ;  -1.27830160    
  0.783029139     ;  -1.27897394    
  0.781931698     ;  -1.27964532    
  0.780833662     ;  -1.28031576    
  0.779735088     ;  -1.28098524    
  0.778635919     ;  -1.28165376    
  0.777536154     ;  -1.28232133    
  0.776435852     ;  -1.28298795    
  0.775334954     ;  -1.28365362    
  0.774233520     ;  -1.28431833    
  0.773131490     ;  -1.28498209    
  0.772028923     ;  -1.28564501    
  0.770925760     ;  -1.28630698    
  0.769822001     ;  -1.28696799    
  0.768717706     ;  -1.28762805    
  0.767612815     ;  -1.28828716    
  0.766507387     ;  -1.28894532    
  0.765401423     ;  -1.28960252    
  0.764294863     ;  -1.29025877    
  0.763187766     ;  -1.29091406    
  0.762080073     ;  -1.29156840    
  0.760971844     ;  -1.29222178    
  0.759863019     ;  -1.29287422    
  0.758753657     ;  -1.29352570    
  0.757643759     ;  -1.29417622    
  0.756533265     ;  -1.29482579    
  0.755422235     ;  -1.29547441    
  0.754310668     ;  -1.29612207    
  0.753198504     ;  -1.29676878    
  0.752085805     ;  -1.29741454    
  0.750972569     ;  -1.29805934    
  0.749858737     ;  -1.29870319    
  0.748744369     ;  -1.29934609    
  0.747629464     ;  -1.29998803    
  0.746514022     ;  -1.30062902    
  0.745397985     ;  -1.30126905    
  0.744281411     ;  -1.30190814    
  0.743164301     ;  -1.30254626    
  0.742046654     ;  -1.30318344    
  0.740928471     ;  -1.30381966    
  0.739809752     ;  -1.30445492    
  0.738690436     ;  -1.30508924    
  0.737570584     ;  -1.30572259    
  0.736450195     ;  -1.30635500    
  0.735329270     ;  -1.30698645    
  0.734207809     ;  -1.30761695    
  0.733085811     ;  -1.30824649    
  0.731963277     ;  -1.30887508    
  0.730840206     ;  -1.30950272    
  0.729716599     ;  -1.31012928    
  0.728592455     ;  -1.31075490    
  0.727467775     ;  -1.31137955    
  0.726342559     ;  -1.31200325    
  0.725216806     ;  -1.31262600    
  0.724090517     ;  -1.31324780    
  0.722963691     ;  -1.31386864    
  0.721836329     ;  -1.31448853    
  0.720708430     ;  -1.31510746    
  0.719579995     ;  -1.31572545    
  0.718451023     ;  -1.31634235    
  0.717321515     ;  -1.31695831    
  0.716191530     ;  -1.31757331    
  0.715061009     ;  -1.31818736    
  0.713929951     ;  -1.31880045    
  0.712798357     ;  -1.31941259    
  0.711666226     ;  -1.32002378    
  0.710533619     ;  -1.32063401    
  0.709400475     ;  -1.32124317    
  0.708266795     ;  -1.32185137    
  0.707132578     ;  -1.32245862    
  0.705997884     ;  -1.32306492    
  0.704862654     ;  -1.32367027    
  0.703726888     ;  -1.32427466    
  0.702590585     ;  -1.32487798    
  0.701453805     ;  -1.32548034    
  0.700316489     ;  -1.32608175    
  0.699178636     ;  -1.32668221    
  0.698040307     ;  -1.32728171    
  0.696901441     ;  -1.32788026    
  0.695762098     ;  -1.32847774    
  0.694622219     ;  -1.32907426    
  0.693481803     ;  -1.32966983    
  0.692340910     ;  -1.33026445    
  0.691199481     ;  -1.33085811    
  0.690057576     ;  -1.33145070    
  0.688915133     ;  -1.33204234    
  0.687772214     ;  -1.33263302    
  0.686628759     ;  -1.33322275    
  0.685484827     ;  -1.33381152    
  0.684340358     ;  -1.33439922    
  0.683195412     ;  -1.33498597    
  0.682049930     ;  -1.33557177    
  0.680903971     ;  -1.33615661    
  0.679757535     ;  -1.33674037    
  0.678610563     ;  -1.33732319    
  0.677463114     ;  -1.33790505    
  0.676315129     ;  -1.33848596    
  0.675166667     ;  -1.33906579    
  0.674017727     ;  -1.33964467    
  0.672868252     ;  -1.34022260    
  0.671718299     ;  -1.34079957    
  0.670567870     ;  -1.34137547    
  0.669416904     ;  -1.34195042    
  0.668265462     ;  -1.34252441    
  0.667113543     ;  -1.34309733    
  0.665961146     ;  -1.34366930    
  0.664808214     ;  -1.34424031    
  0.663654804     ;  -1.34481037    
  0.662500918     ;  -1.34537935    
  0.661346555     ;  -1.34594738    
  0.660191715     ;  -1.34651446    
  0.659036398     ;  -1.34708047    
  0.657880545     ;  -1.34764552    
  0.656724215     ;  -1.34820962    
  0.655567408     ;  -1.34877264    
  0.654410124     ;  -1.34933472    
  0.653252363     ;  -1.34989583    
  0.652094126     ;  -1.35045600    
  0.650935411     ;  -1.35101509    
  0.649776220     ;  -1.35157323    
  0.648616552     ;  -1.35213041    
  0.647456408     ;  -1.35268652    
  0.646295786     ;  -1.35324168    
  0.645134687     ;  -1.35379589    
  0.643973112     ;  -1.35434902    
  0.642811060     ;  -1.35490119    
  0.641648531     ;  -1.35545230    
  0.640485525     ;  -1.35600245    
  0.639322042     ;  -1.35655165    
  0.638158083     ;  -1.35709977    
  0.636993647     ;  -1.35764694    
  0.635828733     ;  -1.35819316    
  0.634663403     ;  -1.35873830    
  0.633497596     ;  -1.35928249    
  0.632331312     ;  -1.35982561    
  0.631164551     ;  -1.36036777    
  0.629997313     ;  -1.36090899    
  0.628829658     ;  -1.36144912    
  0.627661526     ;  -1.36198831    
  0.626492918     ;  -1.36252654    
  0.625323832     ;  -1.36306369    
  0.624154329     ;  -1.36359990    
  0.622984350     ;  -1.36413503    
  0.621813893     ;  -1.36466920    
  0.620642960     ;  -1.36520231    
  0.619471610     ;  -1.36573446    
  0.618299782     ;  -1.36626565    
  0.617127538     ;  -1.36679578    
  0.615954816     ;  -1.36732495    
  0.614781618     ;  -1.36785305    
  0.613608003     ;  -1.36838019    
  0.612433910     ;  -1.36890626    
  0.611259401     ;  -1.36943138    
  0.610084414     ;  -1.36995554    
  0.608908951     ;  -1.37047863    
  0.607733071     ;  -1.37100077    
  0.606556714     ;  -1.37152183    
  0.605379939     ;  -1.37204194    
  0.604202688     ;  -1.37256098    
  0.603025019     ;  -1.37307906    
  0.601846933     ;  -1.37359607    
  0.600668371     ;  -1.37411213    
  0.599489391     ;  -1.37462711    
  0.598309934     ;  -1.37514114    
  0.597130060     ;  -1.37565410    
  0.595949709     ;  -1.37616611    
  0.594768941     ;  -1.37667704    
  0.593587756     ;  -1.37718701    
  0.592406094     ;  -1.37769592    
  0.591224015     ;  -1.37820387    
  0.590041518     ;  -1.37871087    
  0.588858604     ;  -1.37921679    
  0.587675214     ;  -1.37972164    
  0.586491406     ;  -1.38022554    
  0.585307181     ;  -1.38072836    
  0.584122539     ;  -1.38123024    
  0.582937419     ;  -1.38173103    
  0.581751883     ;  -1.38223088    
  0.580565929     ;  -1.38272965    
  0.579379559     ;  -1.38322747    
  0.578192770     ;  -1.38372421    
  0.577005506     ;  -1.38422000    
  0.575817823     ;  -1.38471472    
  0.574629724     ;  -1.38520849    
  0.573441207     ;  -1.38570118    
  0.572252274     ;  -1.38619292    
  0.571062922     ;  -1.38668358    
  0.569873154     ;  -1.38717330    
  0.568682969     ;  -1.38766193    
  0.567492366     ;  -1.38814950    
  0.566301346     ;  -1.38863611    
  0.565109909     ;  -1.38912165    
  0.563918054     ;  -1.38960624    
  0.562725782     ;  -1.39008975    
  0.561533093     ;  -1.39057231    
  0.560339987     ;  -1.39105380    
  0.559146464     ;  -1.39153421    
  0.557952523     ;  -1.39201367    
  0.556758165     ;  -1.39249206    
  0.555563390     ;  -1.39296949    
  0.554368198     ;  -1.39344585    
  0.553172648     ;  -1.39392114    
  0.551976681     ;  -1.39439547    
  0.550780296     ;  -1.39486873    
  0.549583495     ;  -1.39534104    
  0.548386276     ;  -1.39581227    
  0.547188699     ;  -1.39628243    
  0.545990705     ;  -1.39675164    
  0.544792295     ;  -1.39721978    
  0.543593466     ;  -1.39768696    
  0.542394280     ;  -1.39815307    
  0.541194677     ;  -1.39861810    
  0.539994657     ;  -1.39908218    
  0.538794279     ;  -1.39954519    
  0.537593484     ;  -1.40000713    
  0.536392272     ;  -1.40046811    
  0.535190701     ;  -1.40092802    
  0.533988714     ;  -1.40138698    
  0.532786310     ;  -1.40184486    
  0.531583548     ;  -1.40230167    
  0.530380368     ;  -1.40275753    
  0.529176831     ;  -1.40321231    
  0.527972877     ;  -1.40366602    
  0.526768565     ;  -1.40411878    
  0.525563836     ;  -1.40457046    
  0.524358749     ;  -1.40502107    
  0.523153245     ;  -1.40547073    
  0.521947384     ;  -1.40591931    
  0.520741105     ;  -1.40636683    
  0.519534469     ;  -1.40681338    
  0.518327415     ;  -1.40725887    
  0.517120004     ;  -1.40770328    
  0.515912235     ;  -1.40814674    
  0.514704049     ;  -1.40858912    
  0.513495505     ;  -1.40903044    
  0.512286544     ;  -1.40947080    
  0.511077225     ;  -1.40991008    
  0.509867549     ;  -1.41034830    
  0.508657515     ;  -1.41078544    
  0.507447064     ;  -1.41122162    
  0.506236255     ;  -1.41165674    
  0.505025089     ;  -1.41209078    
  0.503813505     ;  -1.41252387    
  0.502601564     ;  -1.41295588    
  0.501389265     ;  -1.41338682    
  0.500176609     ;  -1.41381681    
  0.498963565     ;  -1.41424572    
  0.497750163     ;  -1.41467357    
  0.496536404     ;  -1.41510034    
  0.495322257     ;  -1.41552615    
  0.494107753     ;  -1.41595089    
  0.492892891     ;  -1.41637456    
  0.491677672     ;  -1.41679716    
  0.490462095     ;  -1.41721880    
  0.489246130     ;  -1.41763937    
  0.488029808     ;  -1.41805887    
  0.486813128     ;  -1.41847730    
  0.485596091     ;  -1.41889477    
  0.484378695     ;  -1.41931117    
  0.483160943     ;  -1.41972649    
  0.481942832     ;  -1.42014074    
  0.480724365     ;  -1.42055404    
  0.479505569     ;  -1.42096627    
  0.478286415     ;  -1.42137742    
  0.477066904     ;  -1.42178750    
  0.475847036     ;  -1.42219663    
  0.474626809     ;  -1.42260468    
  0.473406255     ;  -1.42301166    
  0.472185344     ;  -1.42341757    
  0.470964074     ;  -1.42382252    
  0.469742447     ;  -1.42422640    
  0.468520492     ;  -1.42462921    
  0.467298180     ;  -1.42503095    
  0.466075540     ;  -1.42543161    
  0.464852542     ;  -1.42583132    
  0.463629216     ;  -1.42622995    
  0.462405533     ;  -1.42662752    
  0.461181521     ;  -1.42702401    
  0.459957153     ;  -1.42741942    
  0.458732456     ;  -1.42781389    
  0.457507432     ;  -1.42820728    
  0.456282049     ;  -1.42859960    
  0.455056340     ;  -1.42899084    
  0.453830302     ;  -1.42938101    
  0.452603936     ;  -1.42977023    
  0.451377213     ;  -1.43015838    
  0.450150162     ;  -1.43054545    
  0.448922783     ;  -1.43093145    
  0.447695076     ;  -1.43131638    
  0.446467042     ;  -1.43170023    
  0.445238680     ;  -1.43208313    
  0.444009990     ;  -1.43246496    
  0.442780972     ;  -1.43284571    
  0.441551626     ;  -1.43322539    
  0.440321952     ;  -1.43360400    
  0.439091951     ;  -1.43398154    
  0.437861621     ;  -1.43435812    
  0.436630964     ;  -1.43473363    
  0.435400009     ;  -1.43510807    
  0.434168726     ;  -1.43548143    
  0.432937115     ;  -1.43585372    
  0.431705177     ;  -1.43622494    
  0.430472940     ;  -1.43659508    
  0.429240376     ;  -1.43696427    
  0.428007483     ;  -1.43733239    
  0.426774293     ;  -1.43769944    
  0.425540775     ;  -1.43806541    
  0.424306959     ;  -1.43843031    
  0.423072815     ;  -1.43879414    
  0.421838373     ;  -1.43915689    
  0.420603603     ;  -1.43951857    
  0.419368535     ;  -1.43987930    
  0.418133169     ;  -1.44023895    
  0.416897476     ;  -1.44059753    
  0.415661484     ;  -1.44095504    
  0.414425194     ;  -1.44131148    
  0.413188577     ;  -1.44166684    
  0.411951661     ;  -1.44202113    
  0.410714447     ;  -1.44237435    
  0.409476936     ;  -1.44272649    
  0.408239126     ;  -1.44307768    
  0.407001019     ;  -1.44342780    
  0.405762613     ;  -1.44377685    
  0.404523909     ;  -1.44412482    
  0.403284907     ;  -1.44447172    
  0.402045608     ;  -1.44481754    
  0.400806010     ;  -1.44516230    
  0.399566114     ;  -1.44550598    
  0.398325920     ;  -1.44584858    
  0.397085428     ;  -1.44619012    
  0.395844638     ;  -1.44653058    
  0.394603550     ;  -1.44687009    
  0.393362194     ;  -1.44720852    
  0.392120540     ;  -1.44754589    
  0.390878588     ;  -1.44788218    
  0.389636338     ;  -1.44821739    
  0.388393819     ;  -1.44855154    
  0.387151003     ;  -1.44888461    
  0.385907918     ;  -1.44921660    
  0.384664536     ;  -1.44954753    
  0.383420885     ;  -1.44987738    
  0.382176936     ;  -1.45020616    
  0.380932719     ;  -1.45053387    
  0.379688203     ;  -1.45086050    
  0.378443420     ;  -1.45118606    
  0.377198339     ;  -1.45151055    
  0.375952989     ;  -1.45183396    
  0.374707371     ;  -1.45215642    
  0.373461485     ;  -1.45247781    
  0.372215301     ;  -1.45279813    
  0.370968848     ;  -1.45311737    
  0.369722128     ;  -1.45343554    
  0.368475139     ;  -1.45375264    
  0.367227882     ;  -1.45406866    
  0.365980357     ;  -1.45438361    
  0.364732534     ;  -1.45469749    
  0.363484442     ;  -1.45501029    
  0.362236083     ;  -1.45532203    
  0.360987455     ;  -1.45563269    
  0.359738588     ;  -1.45594227    
  0.358489454     ;  -1.45625079    
  0.357240051     ;  -1.45655823    
  0.355990380     ;  -1.45686460    
  0.354740441     ;  -1.45716989    
  0.353490233     ;  -1.45747411    
  0.352239788     ;  -1.45777726    
  0.350989074     ;  -1.45807934    
  0.349738091     ;  -1.45838034    
  0.348486841     ;  -1.45868027    
  0.347235352     ;  -1.45897913    
  0.345983595     ;  -1.45927691    
  0.344731599     ;  -1.45957363    
  0.343479335     ;  -1.45986927    
  0.342226833     ;  -1.46016383    
  0.340974063     ;  -1.46045732    
  0.339721054     ;  -1.46074975    
  0.338467777     ;  -1.46104109    
  0.337214261     ;  -1.46133137    
  0.335960507     ;  -1.46162057    
  0.334706485     ;  -1.46190870    
  0.333452225     ;  -1.46219575    
  0.332197726     ;  -1.46248174    
  0.330942988     ;  -1.46276665    
  0.329687983     ;  -1.46305048    
  0.328432739     ;  -1.46333325    
  0.327177256     ;  -1.46361494    
  0.325921535     ;  -1.46389556    
  0.324665576     ;  -1.46417511    
  0.323409379     ;  -1.46445358    
  0.322152942     ;  -1.46473098    
  0.320896268     ;  -1.46500731    
  0.319639355     ;  -1.46528256    
  0.318382204     ;  -1.46555674    
  0.317124814     ;  -1.46582985    
  0.315867186     ;  -1.46610188    
  0.314609319     ;  -1.46637273    
  0.313351244     ;  -1.46664250    
  0.312092930     ;  -1.46691120    
  0.310834378     ;  -1.46717882    
  0.309575588     ;  -1.46744537    
  0.308316588     ;  -1.46771085    
  0.307057351     ;  -1.46797526    
  0.305797905     ;  -1.46823859    
  0.304538220     ;  -1.46850085    
  0.303278297     ;  -1.46876204    
  0.302018166     ;  -1.46902215    
  0.300757796     ;  -1.46928120    
  0.299497217     ;  -1.46953917    
  0.298236430     ;  -1.46979606    
  0.296975404     ;  -1.47005188    
  0.295714170     ;  -1.47030663    
  0.294452697     ;  -1.47056031    
  0.293191016     ;  -1.47081280    
  0.291929126     ;  -1.47106421    
  0.290667027     ;  -1.47131455    
  0.289404690     ;  -1.47156382    
  0.288142145     ;  -1.47181201    
  0.286879390     ;  -1.47205913    
  0.285616428     ;  -1.47230518    
  0.284353256     ;  -1.47255015    
  0.283089876     ;  -1.47279406    
  0.281826288     ;  -1.47303689    
  0.280562490     ;  -1.47327864    
  0.279298484     ;  -1.47351933    
  0.278034270     ;  -1.47375894    
  0.276769847     ;  -1.47399735    
  0.275505215     ;  -1.47423470    
  0.274240375     ;  -1.47447097    
  0.272975355     ;  -1.47470617    
  0.271710128     ;  -1.47494030    
  0.270444691     ;  -1.47517335    
  0.269179046     ;  -1.47540534    
  0.267913222     ;  -1.47563624    
  0.266647190     ;  -1.47586608    
  0.265380979     ;  -1.47609484    
  0.264114559     ;  -1.47632241    
  0.262847930     ;  -1.47654891    
  0.261581123     ;  -1.47677433    
  0.260314107     ;  -1.47699869    
  0.259046912     ;  -1.47722197    
  0.257779539     ;  -1.47744417    
  0.256511956     ;  -1.47766531    
  0.255244195     ;  -1.47788537    
  0.253976226     ;  -1.47810435    
  0.252708077     ;  -1.47832215    
  0.251439750     ;  -1.47853887    
  0.250171244     ;  -1.47875452    
  0.248902544     ;  -1.47896910    
  0.247633666     ;  -1.47918260    
  0.246364594     ;  -1.47939503    
  0.245095342     ;  -1.47960639    
  0.243825912     ;  -1.47981668    
  0.242556304     ;  -1.48002577    
  0.241286516     ;  -1.48023379    
  0.240016550     ;  -1.48044074    
  0.238746405     ;  -1.48064661    
  0.237476081     ;  -1.48085141    
  0.236205578     ;  -1.48105514    
  0.234934911     ;  -1.48125780    
  0.233664066     ;  -1.48145938    
  0.232393041     ;  -1.48165977    
  0.231121853     ;  -1.48185909    
  0.229850486     ;  -1.48205733    
  0.228578955     ;  -1.48225451    
  0.227307260     ;  -1.48245060    
  0.226035386     ;  -1.48264563    
  0.224763349     ;  -1.48283958    
  0.223491147     ;  -1.48303235    
  0.222218782     ;  -1.48322403    
  0.220946252     ;  -1.48341465    
  0.219673559     ;  -1.48360419    
  0.218400702     ;  -1.48379266    
  0.217127681     ;  -1.48398006    
  0.215854496     ;  -1.48416626    
  0.214581162     ;  -1.48435140    
  0.213307664     ;  -1.48453546    
  0.212034002     ;  -1.48471844    
  0.210760191     ;  -1.48490036    
  0.209486216     ;  -1.48508120    
  0.208212093     ;  -1.48526096    
  0.206937820     ;  -1.48543954    
  0.205663383     ;  -1.48561704    
  0.204388797     ;  -1.48579347    
  0.203114063     ;  -1.48596883    
  0.201839179     ;  -1.48614311    
  0.200564146     ;  -1.48631632    
  0.199288964     ;  -1.48648834    
  0.198013633     ;  -1.48665929    
  0.196738154     ;  -1.48682916    
  0.195462525     ;  -1.48699796    
  0.194186762     ;  -1.48716569    
  0.192910850     ;  -1.48733222    
  0.191634804     ;  -1.48749769    
  0.190358609     ;  -1.48766208    
  0.189082280     ;  -1.48782539    
  0.187805802     ;  -1.48798764    
  0.186529189     ;  -1.48814881    
  0.185252443     ;  -1.48830879    
  0.183975548     ;  -1.48846769    
  0.182698518     ;  -1.48862553    
  0.181421354     ;  -1.48878229    
  0.180144057     ;  -1.48893797    
  0.178866625     ;  -1.48909259    
  0.177589059     ;  -1.48924601    
  0.176311359     ;  -1.48939836    
  0.175033540     ;  -1.48954964    
  0.173755586     ;  -1.48969984    
  0.172477499     ;  -1.48984897    
  0.171199292     ;  -1.48999691    
  0.169920951     ;  -1.49014378    
  0.168642491     ;  -1.49028957    
  0.167363897     ;  -1.49043429    
  0.166085184     ;  -1.49057794    
  0.164806351     ;  -1.49072039    
  0.163527399     ;  -1.49086177    
  0.162248328     ;  -1.49100208    
  0.160969123     ;  -1.49114132    
  0.159689799     ;  -1.49127948    
  0.158410355     ;  -1.49141645    
  0.157130808     ;  -1.49155235    
  0.155851141     ;  -1.49168718    
  0.154571354     ;  -1.49182093    
  0.153291449     ;  -1.49195361    
  0.152011439     ;  -1.49208510    
  0.150731310     ;  -1.49221551    
  0.149451077     ;  -1.49234486    
  0.148170725     ;  -1.49247313    
  0.146890268     ;  -1.49260032    
  0.145609692     ;  -1.49272633    
  0.144329011     ;  -1.49285126    
  0.143048227     ;  -1.49297512    
  0.141767338     ;  -1.49309790    
  0.140486345     ;  -1.49321961    
  0.139205247     ;  -1.49334013    
  0.137924045     ;  -1.49345958    
  0.136642739     ;  -1.49357796    
  0.135361329     ;  -1.49369526    
  0.134079829     ;  -1.49381149    
  0.132798225     ;  -1.49392653    
  0.131516516     ;  -1.49404049    
  0.130234718     ;  -1.49415338    
  0.128952816     ;  -1.49426520    
  0.127670825     ;  -1.49437582    
  0.126388729     ;  -1.49448538    
  0.125106543     ;  -1.49459386    
  0.123824269     ;  -1.49470127    
  0.122541897     ;  -1.49480760    
  0.121259436     ;  -1.49491274    
  0.119976886     ;  -1.49501681    
  0.118694246     ;  -1.49511981    
  0.117411517     ;  -1.49522173    
  0.116128698     ;  -1.49532247    
  0.114845797     ;  -1.49542212    
  0.113562807     ;  -1.49552071    
  0.112279736     ;  -1.49561822    
  0.110996582     ;  -1.49571466    
  0.109713346     ;  -1.49580991    
  0.108430028     ;  -1.49590409    
  0.107146628     ;  -1.49599719    
  0.105863146     ;  -1.49608922    
  0.104579590     ;  -1.49618006    
  0.103295952     ;  -1.49626982    
  0.102012239     ;  -1.49635851    
  0.100728452     ;  -1.49644613    
   9.94445905E-02 ;  -1.49653256    
   9.81606543E-02 ;  -1.49661791    
   9.68766436E-02 ;  -1.49670219    
   9.55925584E-02 ;  -1.49678540    
   9.43084061E-02 ;  -1.49686754    
   9.30241793E-02 ;  -1.49694848    
   9.17398855E-02 ;  -1.49702835    
   9.04555246E-02 ;  -1.49710715    
   8.91710892E-02 ;  -1.49718487    
   8.78865942E-02 ;  -1.49726140    
   8.66020322E-02 ;  -1.49733686    
   8.53174031E-02 ;  -1.49741125    
   8.40327144E-02 ;  -1.49748456    
   8.27479586E-02 ;  -1.49755669    
   8.14631432E-02 ;  -1.49762774    
   8.01782683E-02 ;  -1.49769771    
   7.88933337E-02 ;  -1.49776661    
   7.76083395E-02 ;  -1.49783432    
   7.63232857E-02 ;  -1.49790096    
   7.50381723E-02 ;  -1.49796653    
   7.37530068E-02 ;  -1.49803102    
   7.24677816E-02 ;  -1.49809432    
   7.11825043E-02 ;  -1.49815655    
   6.98971748E-02 ;  -1.49821770    
   6.86117932E-02 ;  -1.49827778    
   6.73263595E-02 ;  -1.49833679    
   6.60408735E-02 ;  -1.49839461    
   6.47553355E-02 ;  -1.49845135    
   6.34697527E-02 ;  -1.49850702    
   6.21841215E-02 ;  -1.49856162    
   6.08984418E-02 ;  -1.49861503    
   5.96127175E-02 ;  -1.49866736    
   5.83269484E-02 ;  -1.49871862    
   5.70411347E-02 ;  -1.49876881    
   5.57552800E-02 ;  -1.49881780    
   5.44693805E-02 ;  -1.49886572    
   5.31834401E-02 ;  -1.49891257    
   5.18974625E-02 ;  -1.49895835    
   5.06114438E-02 ;  -1.49900293    
   4.93253879E-02 ;  -1.49904644    
   4.80392948E-02 ;  -1.49908888    
   4.67531644E-02 ;  -1.49913025    
   4.54669967E-02 ;  -1.49917042    
   4.41807956E-02 ;  -1.49920952    
   4.28945608E-02 ;  -1.49924755    
   4.16082926E-02 ;  -1.49928451    
   4.03219946E-02 ;  -1.49932027    
   3.90356667E-02 ;  -1.49935496    
   3.77493091E-02 ;  -1.49938858    
   3.64629216E-02 ;  -1.49942112    
   3.51765081E-02 ;  -1.49945247    
   3.38900648E-02 ;  -1.49948275    
   3.26035954E-02 ;  -1.49951196    
   3.13171037E-02 ;  -1.49954009    
   3.00305858E-02 ;  -1.49956703    
   2.87440456E-02 ;  -1.49959290    
   2.74574831E-02 ;  -1.49961770    
   2.61709001E-02 ;  -1.49964142    
   2.48842966E-02 ;  -1.49966395    
   2.35976726E-02 ;  -1.49968541    
   2.23110300E-02 ;  -1.49970579    
   2.10243706E-02 ;  -1.49972510    
   1.97376944E-02 ;  -1.49974322    
   1.84510034E-02 ;  -1.49976027    
   1.71642974E-02 ;  -1.49977624    
   1.58775784E-02 ;  -1.49979115    
   1.45908464E-02 ;  -1.49980485    
   1.33041022E-02 ;  -1.49981749    
   1.20173469E-02 ;  -1.49982905    
   1.07305823E-02 ;  -1.49983954    
   9.44380835E-03 ;  -1.49984884    
   8.15702695E-03 ;  -1.49985707    
   6.87023811E-03 ;  -1.49986422    
   5.58344321E-03 ;  -1.49987030    
   4.29664319E-03 ;  -1.49987519    
   3.00983898E-03 ;  -1.49987900    
   1.72303140E-03 ;  -1.49988174    
   4.36221482E-04 ;  -1.49988341    
  -8.50589829E-04 ;  -1.49988389    
  -2.13740044E-03 ;  -1.49988556    
  -3.42420884E-03 ;  -1.49988830    
  -4.71101422E-03 ;  -1.49989212    
  -5.99781517E-03 ;  -1.49989712    
  -7.28461053E-03 ;  -1.49990320    
  -8.57139938E-03 ;  -1.49991035    
  -9.85817984E-03 ;  -1.49991870    
  -1.11449510E-02 ;  -1.49992812    
  -1.24317119E-02 ;  -1.49993861    
  -1.37184616E-02 ;  -1.49995029    
  -1.50051983E-02 ;  -1.49996305    
  -1.62919201E-02 ;  -1.49997699    
  -1.75786279E-02 ;  -1.49999201    
  -1.88653190E-02 ;  -1.50000823    
  -2.01519914E-02 ;  -1.50002551    
  -2.14386452E-02 ;  -1.50004399    
  -2.27252785E-02 ;  -1.50006354    
  -2.40118913E-02 ;  -1.50008416    
  -2.52984818E-02 ;  -1.50010598    
  -2.65850481E-02 ;  -1.50012887    
  -2.78715882E-02 ;  -1.50015295    
  -2.91581023E-02 ;  -1.50017822    
  -3.04445885E-02 ;  -1.50020456    
  -3.17310467E-02 ;  -1.50023210    
  -3.30174752E-02 ;  -1.50026071    
  -3.43038701E-02 ;  -1.50029051    
  -3.55902351E-02 ;  -1.50032139    
  -3.68765667E-02 ;  -1.50035346    
  -3.81628610E-02 ;  -1.50038660    
  -3.94491181E-02 ;  -1.50042093    
  -4.07353379E-02 ;  -1.50045645    
  -4.20215204E-02 ;  -1.50049305    
  -4.33076620E-02 ;  -1.50053084    
  -4.45937626E-02 ;  -1.50056982    
  -4.58798185E-02 ;  -1.50060987    
  -4.71658297E-02 ;  -1.50065112    
  -4.84517962E-02 ;  -1.50069356    
  -4.97377180E-02 ;  -1.50073707    
  -5.10235913E-02 ;  -1.50078177    
  -5.23094162E-02 ;  -1.50082767    
  -5.35951890E-02 ;  -1.50087476    
  -5.48809096E-02 ;  -1.50092292    
  -5.61665781E-02 ;  -1.50097227    
  -5.74521907E-02 ;  -1.50102282    
  -5.87377474E-02 ;  -1.50107455    
  -6.00232482E-02 ;  -1.50112736    
  -6.13086894E-02 ;  -1.50118136    
  -6.25940710E-02 ;  -1.50123656    
  -6.38793930E-02 ;  -1.50129294    
  -6.51646480E-02 ;  -1.50135052    
  -6.64498433E-02 ;  -1.50140917    
  -6.77349716E-02 ;  -1.50146902    
  -6.90200329E-02 ;  -1.50153005    
  -7.03050271E-02 ;  -1.50159228    
  -7.15899542E-02 ;  -1.50165570    
  -7.28748068E-02 ;  -1.50172031    
  -7.41595924E-02 ;  -1.50178611    
  -7.54443035E-02 ;  -1.50185311    
  -7.67289400E-02 ;  -1.50192130    
  -7.80135021E-02 ;  -1.50199068    
  -7.92979822E-02 ;  -1.50206113    
  -8.05823877E-02 ;  -1.50213277    
  -8.18667114E-02 ;  -1.50220561    
  -8.31509531E-02 ;  -1.50227964    
  -8.44351128E-02 ;  -1.50235486    
  -8.57191905E-02 ;  -1.50243127    
  -8.70031789E-02 ;  -1.50250888    
  -8.82870853E-02 ;  -1.50258768    
  -8.95709023E-02 ;  -1.50266778    
  -9.08546299E-02 ;  -1.50274909    
  -9.21382606E-02 ;  -1.50283158    
  -9.34218019E-02 ;  -1.50291526    
  -9.47052464E-02 ;  -1.50300014    
  -9.59886014E-02 ;  -1.50308621    
  -9.72718596E-02 ;  -1.50317347    
  -9.85550210E-02 ;  -1.50326192    
  -9.98380780E-02 ;  -1.50335157    
 -0.101121038     ;  -1.50344241    
 -0.102403894     ;  -1.50353456    
 -0.103686646     ;  -1.50362790    
 -0.104969293     ;  -1.50372243    
 -0.106251828     ;  -1.50381815    
 -0.107534260     ;  -1.50391507    
 -0.108816579     ;  -1.50401330    
 -0.110098787     ;  -1.50411272    
 -0.111380883     ;  -1.50421333    
 -0.112662867     ;  -1.50431514    
 -0.113944732     ;  -1.50441825    
 -0.115226485     ;  -1.50452256    
 -0.116508119     ;  -1.50462806    
 -0.117789634     ;  -1.50473487    
 -0.119071029     ;  -1.50484288    
 -0.120352298     ;  -1.50495207    
 -0.121633440     ;  -1.50506258    
 -0.122914463     ;  -1.50517428    
 -0.124195352     ;  -1.50528717    
 -0.125476122     ;  -1.50540137    
 -0.126756757     ;  -1.50551677    
 -0.128037259     ;  -1.50563347    
 -0.129317626     ;  -1.50575137    
 -0.130597860     ;  -1.50587046    
 -0.131877959     ;  -1.50599086    
 -0.133157924     ;  -1.50611246    
 -0.134437740     ;  -1.50623536    
 -0.135717422     ;  -1.50635946    
 -0.136996955     ;  -1.50648487    
 -0.138276353     ;  -1.50661147    
 -0.139555603     ;  -1.50673938    
 -0.140834704     ;  -1.50686848    
 -0.142113656     ;  -1.50699890    
 -0.143392459     ;  -1.50713050    
 -0.144671112     ;  -1.50726342    
 -0.145949617     ;  -1.50739765    
 -0.147227958     ;  -1.50753307    
 -0.148506150     ;  -1.50766981    
 -0.149784178     ;  -1.50780773    
 -0.151062042     ;  -1.50794697    
 -0.152339756     ;  -1.50808752    
 -0.153617308     ;  -1.50822926    
 -0.154894695     ;  -1.50837231    
 -0.156171918     ;  -1.50851667    
 -0.157448962     ;  -1.50866234    
 -0.158725843     ;  -1.50880921    
 -0.160002559     ;  -1.50895739    
 -0.161279097     ;  -1.50910687    
 -0.162555456     ;  -1.50925767    
 -0.163831651     ;  -1.50940967    
 -0.165107667     ;  -1.50956297    
 -0.166383505     ;  -1.50971758    
 -0.167659163     ;  -1.50987351    
 -0.168934628     ;  -1.51003075    
 -0.170209914     ;  -1.51018918    
 -0.171485022     ;  -1.51034892    
 -0.172759935     ;  -1.51050997    
 -0.174034655     ;  -1.51067233    
 -0.175309196     ;  -1.51083601    
 -0.176583543     ;  -1.51100099    
 -0.177857697     ;  -1.51116729    
 -0.179131657     ;  -1.51133490    
 -0.180405423     ;  -1.51150382    
 -0.181678981     ;  -1.51167405    
 -0.182952344     ;  -1.51184559    
 -0.184225500     ;  -1.51201844    
 -0.185498461     ;  -1.51219261    
 -0.186771214     ;  -1.51236808    
 -0.188043758     ;  -1.51254487    
 -0.189316094     ;  -1.51272297    
 -0.190588221     ;  -1.51290238    
 -0.191860124     ;  -1.51308310    
 -0.193131819     ;  -1.51326513    
 -0.194403306     ;  -1.51344848    
 -0.195674568     ;  -1.51363313    
 -0.196945608     ;  -1.51381910    
 -0.198216438     ;  -1.51400650    
 -0.199487045     ;  -1.51419520    
 -0.200757429     ;  -1.51438522    
 -0.202027574     ;  -1.51457655    
 -0.203297496     ;  -1.51476920    
 -0.204567194     ;  -1.51496327    
 -0.205836654     ;  -1.51515865    
 -0.207105875     ;  -1.51535535    
 -0.208374873     ;  -1.51555336    
 -0.209643632     ;  -1.51575279    
 -0.210912153     ;  -1.51595354    
 -0.212180436     ;  -1.51615560    
 -0.213448465     ;  -1.51635909    
 -0.214716256     ;  -1.51656389    
 -0.215983808     ;  -1.51677001    
 -0.217251107     ;  -1.51697755    
 -0.218518153     ;  -1.51718640    
 -0.219784945     ;  -1.51739669    
 -0.221051484     ;  -1.51760828    
 -0.222317770     ;  -1.51782119    
 -0.223583803     ;  -1.51803553    
 -0.224849582     ;  -1.51825118    
 -0.226115093     ;  -1.51846826    
 -0.227380335     ;  -1.51868665    
 -0.228645325     ;  -1.51890647    
 -0.229910046     ;  -1.51912761    
 -0.231174499     ;  -1.51935017    
 -0.232438684     ;  -1.51957417    
 -0.233702585     ;  -1.51979947    
 -0.234966218     ;  -1.52002621    
 -0.236229584     ;  -1.52025425    
 -0.237492666     ;  -1.52048373    
 -0.238755465     ;  -1.52071464    
 -0.240017980     ;  -1.52094686    
 -0.241280213     ;  -1.52118051    
 -0.242542163     ;  -1.52141559    
 -0.243803829     ;  -1.52165198    
 -0.245065197     ;  -1.52188981    
 -0.246326283     ;  -1.52212906    
 -0.247587070     ;  -1.52236974    
 -0.248847559     ;  -1.52261174    
 -0.250107765     ;  -1.52285516    
 -0.251367658     ;  -1.52310002    
 -0.252627254     ;  -1.52334630    
 -0.253886551     ;  -1.52359402    
 -0.255145550     ;  -1.52384317    
 -0.256404221     ;  -1.52409375    
 -0.257662594     ;  -1.52434564    
 -0.258920640     ;  -1.52459896    
 -0.260178387     ;  -1.52485371    
 -0.261435807     ;  -1.52510989    
 -0.262692928     ;  -1.52536750    
 -0.263949722     ;  -1.52562654    
 -0.265206188     ;  -1.52588701    
 -0.266462326     ;  -1.52614892    
 -0.267718136     ;  -1.52641225    
 -0.268973619     ;  -1.52667701    
 -0.270228773     ;  -1.52694321    
 -0.271483600     ;  -1.52721083    
 -0.272738099     ;  -1.52748001    
 -0.273992270     ;  -1.52775061    
 -0.275246084     ;  -1.52802265    
 -0.276499569     ;  -1.52829611    
 -0.277752697     ;  -1.52857101    
 -0.279005498     ;  -1.52884734    
 -0.280257940     ;  -1.52912521    
 -0.281510025     ;  -1.52940452    
 -0.282761782     ;  -1.52968526    
 -0.284013182     ;  -1.52996743    
 -0.285264224     ;  -1.53025115    
 -0.286514908     ;  -1.53053629    
 -0.287765235     ;  -1.53082287    
 -0.289015204     ;  -1.53111100    
 -0.290264785     ;  -1.53140056    
 -0.291514009     ;  -1.53169155    
 -0.292762876     ;  -1.53198409    
 -0.294011354     ;  -1.53227806    
 -0.295259476     ;  -1.53257358    
 -0.296507210     ;  -1.53287053    
 -0.297754556     ;  -1.53316903    
 -0.299001545     ;  -1.53346896    
 -0.300248146     ;  -1.53377044    
 -0.301494360     ;  -1.53407335    
 -0.302740186     ;  -1.53437781    
 -0.303985626     ;  -1.53468370    
 -0.305230677     ;  -1.53499115    
 -0.306475341     ;  -1.53530002    
 -0.307719588     ;  -1.53561044    
 -0.308963448     ;  -1.53592241    
 -0.310206890     ;  -1.53623581    
 -0.311449945     ;  -1.53655076    
 -0.312692583     ;  -1.53686726    
 -0.313934833     ;  -1.53718519    
 -0.315176666     ;  -1.53750467    
 -0.316418082     ;  -1.53782570    
 -0.317659080     ;  -1.53814828    
 -0.318899661     ;  -1.53847241    
 -0.320139825     ;  -1.53879797    
 -0.321379572     ;  -1.53912508    
 -0.322618902     ;  -1.53945374    
 -0.323857784     ;  -1.53978395    
 -0.325096250     ;  -1.54011571    
 -0.326334268     ;  -1.54044902    
 -0.327571869     ;  -1.54078388    
 -0.328809023     ;  -1.54112029    
 -0.330045730     ;  -1.54145825    
 -0.331282020     ;  -1.54179776    
 -0.332517862     ;  -1.54213881    
 -0.333753258     ;  -1.54248142    
 -0.334988207     ;  -1.54282558    
 -0.336222678     ;  -1.54317129    
 -0.337456703     ;  -1.54351854    
 -0.338690281     ;  -1.54386735    
 -0.339923382     ;  -1.54421771    
 -0.341156036     ;  -1.54456973    
 -0.342388213     ;  -1.54492331    
 -0.343619943     ;  -1.54527843    
 -0.344851196     ;  -1.54563510    
 -0.346081972     ;  -1.54599345    
 -0.347312272     ;  -1.54635334    
 -0.348542094     ;  -1.54671478    
 -0.349771440     ;  -1.54707789    
 -0.351000309     ;  -1.54744256    
 -0.352228671     ;  -1.54780877    
 -0.353456557     ;  -1.54817665    
 -0.354683936     ;  -1.54854608    
 -0.355910838     ;  -1.54891717    
 -0.357137233     ;  -1.54928982    
 -0.358363152     ;  -1.54966414    
 -0.359588563     ;  -1.55004001    
 -0.360813469     ;  -1.55041754    
 -0.362037867     ;  -1.55079663    
 -0.363261759     ;  -1.55117738    
 -0.364485115     ;  -1.55155969    
 -0.365707964     ;  -1.55194366    
 -0.366930306     ;  -1.55232930    
 -0.368152112     ;  -1.55271649    
 -0.369373411     ;  -1.55310535    
 -0.370594174     ;  -1.55349588    
 -0.371814400     ;  -1.55388808    
 -0.373034090     ;  -1.55428183    
 -0.374253243     ;  -1.55467725    
 -0.375471860     ;  -1.55507433    
 -0.376689941     ;  -1.55547309    
 -0.377907485     ;  -1.55587351    
 -0.379124463     ;  -1.55627561    
 -0.380340904     ;  -1.55667925    
 -0.381556779     ;  -1.55708456    
 -0.382772118     ;  -1.55749154    
 -0.383986890     ;  -1.55790019    
 -0.385201097     ;  -1.55831051    
 -0.386414737     ;  -1.55872250    
 -0.387627810     ;  -1.55913615    
 -0.388840318     ;  -1.55955160    
 -0.390052259     ;  -1.55996871    
 -0.391263604     ;  -1.56038749    
 -0.392474383     ;  -1.56080794    
 -0.393684566     ;  -1.56123006    
 -0.394894183     ;  -1.56165385    
 -0.396103203     ;  -1.56207943    
 -0.397311628     ;  -1.56250668    
 -0.398519456     ;  -1.56293559    
 -0.399726689     ;  -1.56336629    
 -0.400933325     ;  -1.56379867    
 -0.402139336     ;  -1.56423271    
 -0.403344750     ;  -1.56466854    
 -0.404549569     ;  -1.56510603    
 -0.405753762     ;  -1.56554532    
 -0.406957328     ;  -1.56598628    
 -0.408160269     ;  -1.56642902    
 -0.409362584     ;  -1.56687343    
 -0.410564274     ;  -1.56731963    
 -0.411765337     ;  -1.56776750    
 -0.412965775     ;  -1.56821716    
 -0.414165586     ;  -1.56866860    
 -0.415364742     ;  -1.56912172    
 -0.416563243     ;  -1.56957662    
 -0.417761117     ;  -1.57003331    
 -0.418958336     ;  -1.57049179    
 -0.420154899     ;  -1.57095194    
 -0.421350807     ;  -1.57141387    
 -0.422546059     ;  -1.57187760    
 -0.423740625     ;  -1.57234311    
 -0.424934536     ;  -1.57281041    
 -0.426127762     ;  -1.57327950    
 -0.427320331     ;  -1.57375038    
 -0.428512216     ;  -1.57422304    
 -0.429703414     ;  -1.57469749    
 -0.430893928     ;  -1.57517374    
 -0.432083756     ;  -1.57565176    
 -0.433272898     ;  -1.57613158    
 -0.434461325     ;  -1.57661319    
 -0.435649067     ;  -1.57709658    
 -0.436836094     ;  -1.57758176    
 -0.438022435     ;  -1.57806885    
 -0.439208061     ;  -1.57855773    
 -0.440392971     ;  -1.57904840    
 -0.441577166     ;  -1.57954097    
 -0.442760646     ;  -1.58003533    
 -0.443943381     ;  -1.58053148    
 -0.445125401     ;  -1.58102953    
 -0.446306676     ;  -1.58152938    
 -0.447487205     ;  -1.58203113    
 -0.448667020     ;  -1.58253467    
 -0.449846089     ;  -1.58304012    
 -0.451024413     ;  -1.58354735    
 -0.452201962     ;  -1.58405650    
 -0.453378767     ;  -1.58456755    
 -0.454554796     ;  -1.58508039    
 -0.455730081     ;  -1.58559513    
 -0.456904590     ;  -1.58611178    
 -0.458078325     ;  -1.58663034    
 -0.459251285     ;  -1.58715069    
 -0.460423470     ;  -1.58767295    
 -0.461594880     ;  -1.58819711    
 -0.462765485     ;  -1.58872318    
 -0.463935316     ;  -1.58925116    
 -0.465104342     ;  -1.58978105    
 -0.466272563     ;  -1.59031284    
 -0.467439979     ;  -1.59084654    
 -0.468606591     ;  -1.59138215    
 -0.469772398     ;  -1.59191966    
 -0.470937371     ;  -1.59245908    
 -0.472101539     ;  -1.59300053    
 -0.473264873     ;  -1.59354389    
 -0.474427372     ;  -1.59408915    
 -0.475589037     ;  -1.59463632    
 -0.476749867     ;  -1.59518552    
 -0.477909863     ;  -1.59573662    
 -0.479069024     ;  -1.59628963    
 -0.480227321     ;  -1.59684467    
 -0.481384754     ;  -1.59740162    
 -0.482541353     ;  -1.59796059    
 -0.483697087     ;  -1.59852147    
 -0.484851927     ;  -1.59908438    
 -0.486005902     ;  -1.59964931    
 -0.487159014     ;  -1.60021615    
 -0.488311231     ;  -1.60078502    
 -0.489462554     ;  -1.60135591    
 -0.490612984     ;  -1.60192883    
 -0.491762519     ;  -1.60250366    
 -0.492911160     ;  -1.60308051    
 -0.494058907     ;  -1.60365939    
 -0.495205730     ;  -1.60424030    
 -0.496351659     ;  -1.60482323    
 -0.497496665     ;  -1.60540819    
 -0.498640746     ;  -1.60599518    
 -0.499783903     ;  -1.60658419    
 -0.500926137     ;  -1.60717523    
 -0.502067387     ;  -1.60776842    
 -0.503207684     ;  -1.60836363    
 -0.504347086     ;  -1.60896087    
 -0.505485535     ;  -1.60956013    
 -0.506622970     ;  -1.61016154    
 -0.507759452     ;  -1.61076498    
 -0.508894980     ;  -1.61137056    
 -0.510029554     ;  -1.61197817    
 -0.511163116     ;  -1.61258793    
 -0.512295723     ;  -1.61319971    
 -0.513427317     ;  -1.61381364    
 -0.514557958     ;  -1.61442959    
 -0.515687585     ;  -1.61504769    
 -0.516816199     ;  -1.61566794    
 -0.517943799     ;  -1.61629033    
 -0.519070387     ;  -1.61691475    
 -0.520195961     ;  -1.61754131    
 -0.521320522     ;  -1.61817002    
 -0.522444010     ;  -1.61880088    
 -0.523566484     ;  -1.61943388    
 -0.524687886     ;  -1.62006903    
 -0.525808275     ;  -1.62070632    
 -0.526927590     ;  -1.62134576    
 -0.528045833     ;  -1.62198746    
 -0.529163003     ;  -1.62263131    
 -0.530279100     ;  -1.62327731    
 -0.531394124     ;  -1.62392545    
 -0.532508075     ;  -1.62457585    
 -0.533620954     ;  -1.62522840    
 -0.534732759     ;  -1.62588322    
 -0.535843432     ;  -1.62654018    
 -0.536953032     ;  -1.62719941    
 -0.538061500     ;  -1.62786090    
 -0.539168835     ;  -1.62852454    
 -0.540275037     ;  -1.62919044    
 -0.541380107     ;  -1.62985861    
 -0.542484045     ;  -1.63052905    
 -0.543586850     ;  -1.63120162    
 -0.544688523     ;  -1.63187647    
 -0.545789063     ;  -1.63255358    
 -0.546888411     ;  -1.63323295    
 -0.547986627     ;  -1.63391471    
 -0.549083650     ;  -1.63459873    
 -0.550179482     ;  -1.63528502    
 -0.551274121     ;  -1.63597357    
 -0.552367568     ;  -1.63666439    
 -0.553459823     ;  -1.63735759    
 -0.554550886     ;  -1.63805306    
 -0.555640697     ;  -1.63875091    
 -0.556729317     ;  -1.63945103    
 -0.557816684     ;  -1.64015353    
 -0.558902860     ;  -1.64085829    
 -0.559987783     ;  -1.64156544    
 -0.561071455     ;  -1.64227498    
 -0.562153876     ;  -1.64298689    
 -0.563235044     ;  -1.64370120    
 -0.564314961     ;  -1.64441788    
 -0.565393567     ;  -1.64513695    
 -0.566470921     ;  -1.64585841    
 -0.567546964     ;  -1.64658225    
 -0.568621695     ;  -1.64730847    
 -0.569695115     ;  -1.64803708    
 -0.570767283     ;  -1.64876807    
 -0.571838081     ;  -1.64950156    
 -0.572907567     ;  -1.65023744    
 -0.573975742     ;  -1.65097582    
 -0.575042546     ;  -1.65171659    
 -0.576108038     ;  -1.65245986    
 -0.577172160     ;  -1.65320563    
 -0.578234911     ;  -1.65395379    
 -0.579296291     ;  -1.65470445    
 -0.580356300     ;  -1.65545762    
 -0.581414938     ;  -1.65621328    
 -0.582472146     ;  -1.65697145    
 -0.583527982     ;  -1.65773213    
 -0.584582388     ;  -1.65849531    
 -0.585635364     ;  -1.65926099    
 -0.586686909     ;  -1.66002929    
 -0.587737024     ;  -1.66080010    
 -0.588785708     ;  -1.66157341    
 -0.589832962     ;  -1.66234934    
 -0.590878725     ;  -1.66312778    
 -0.591922998     ;  -1.66390884    
 -0.592965841     ;  -1.66469252    
 -0.594007194     ;  -1.66547883    
 -0.595047057     ;  -1.66626763    
 -0.596085370     ;  -1.66705906    
 -0.597122192     ;  -1.66785312    
